68.711212	34.399158 
-10000000.000000	-10000000.000000 
-10000000.000000	-10000000.000000 
-10000000.000000	-10000000.000000 
-10000000.000000	-10000000.000000 
-10000000.000000	-10000000.000000 
-10000000.000000	-10000000.000000 
-10000000.000000	-10000000.000000 
-10000000.000000	-10000000.000000 
-10000000.000000	-10000000.000000 
-10000000.000000	-10000000.000000 
-10000000.000000	-10000000.000000 
-10000000.000000	-10000000.000000 
-10000000.000000	-10000000.000000 
-10000000.000000	-10000000.000000 
-10000000.000000	-10000000.000000 
-10000000.000000	-10000000.000000 
-10000000.000000	-10000000.000000 
-10000000.000000	-10000000.000000 
-10000000.000000	-10000000.000000 
-10000000.000000	-10000000.000000 
-10000000.000000	-10000000.000000 
-10000000.000000	-10000000.000000 
-10000000.000000	-10000000.000000 
-10000000.000000	-10000000.000000 
-10000000.000000	-10000000.000000 
-10000000.000000	-10000000.000000 
-10000000.000000	-10000000.000000 
-10000000.000000	-10000000.000000 
-10000000.000000	-10000000.000000 
-10000000.000000	-10000000.000000 
-10000000.000000	-10000000.000000 
-10000000.000000	-10000000.000000 
-10000000.000000	-10000000.000000 
-10000000.000000	-10000000.000000 
-10000000.000000	-10000000.000000 
-10000000.000000	-10000000.000000 
-10000000.000000	-10000000.000000 
-10000000.000000	-10000000.000000 
-10000000.000000	-10000000.000000 
-10000000.000000	-10000000.000000 
-10000000.000000	-10000000.000000 
-10000000.000000	-10000000.000000 
-10000000.000000	-10000000.000000 
-10000000.000000	-10000000.000000 
-10000000.000000	-10000000.000000 
-10000000.000000	-10000000.000000 
-10000000.000000	-10000000.000000 
-10000000.000000	-10000000.000000 
-10000000.000000	-10000000.000000 
-10000000.000000	-10000000.000000 
-10000000.000000	-10000000.000000 
-10000000.000000	-10000000.000000 
-10000000.000000	-10000000.000000 
-10000000.000000	-10000000.000000 
-10000000.000000	-10000000.000000 
-10000000.000000	-10000000.000000 
-10000000.000000	-10000000.000000 
-10000000.000000	-10000000.000000 
-10000000.000000	-10000000.000000 
-10000000.000000	-10000000.000000 
-10000000.000000	-10000000.000000 
-10000000.000000	-10000000.000000 
-10000000.000000	-10000000.000000 
-10000000.000000	-10000000.000000 
-10000000.000000	-10000000.000000 
-10000000.000000	-10000000.000000 
-10000000.000000	-10000000.000000 
-10000000.000000	-10000000.000000 
-10000000.000000	-10000000.000000 
-10000000.000000	-10000000.000000 
-10000000.000000	-10000000.000000 
-10000000.000000	-10000000.000000 
-10000000.000000	-10000000.000000 
-10000000.000000	-10000000.000000 
-10000000.000000	-10000000.000000 
-10000000.000000	-10000000.000000 
-10000000.000000	-10000000.000000 
-10000000.000000	-10000000.000000 
-10000000.000000	-10000000.000000 
-10000000.000000	-10000000.000000 
-10000000.000000	-10000000.000000 
-10000000.000000	-10000000.000000 
-10000000.000000	-10000000.000000 
-10000000.000000	-10000000.000000 
-10000000.000000	-10000000.000000 
-10000000.000000	-10000000.000000 
-10000000.000000	-10000000.000000 
-10000000.000000	-10000000.000000 
-10000000.000000	-10000000.000000 
-10000000.000000	-10000000.000000 
-10000000.000000	-10000000.000000 
-10000000.000000	-10000000.000000 
-10000000.000000	-10000000.000000 
-10000000.000000	-10000000.000000 
-10000000.000000	-10000000.000000 
-10000000.000000	-10000000.000000 
-10000000.000000	-10000000.000000 
-10000000.000000	-10000000.000000 
-10000000.000000	-10000000.000000 
-10000000.000000	-10000000.000000 
-10000000.000000	-10000000.000000 
-10000000.000000	-10000000.000000 
-10000000.000000	-10000000.000000 
-10000000.000000	-10000000.000000 
-10000000.000000	-10000000.000000 
-10000000.000000	-10000000.000000 
-10000000.000000	-10000000.000000 
-10000000.000000	-10000000.000000 
-10000000.000000	-10000000.000000 
-10000000.000000	-10000000.000000 
-10000000.000000	-10000000.000000 
-10000000.000000	-10000000.000000 
-10000000.000000	-10000000.000000 
-10000000.000000	-10000000.000000 
-10000000.000000	-10000000.000000 
-10000000.000000	-10000000.000000 
-10000000.000000	-10000000.000000 
-10000000.000000	-10000000.000000 
-10000000.000000	-10000000.000000 
-10000000.000000	-10000000.000000 
-10000000.000000	-10000000.000000 
-10000000.000000	-10000000.000000 
-10000000.000000	-10000000.000000 
-10000000.000000	-10000000.000000 
-10000000.000000	-10000000.000000 
-10000000.000000	-10000000.000000 
-10000000.000000	-10000000.000000 
-10000000.000000	-10000000.000000 
-10000000.000000	-10000000.000000 
105.628876	287.106384 
106.811073	263.026001 
110.030510	197.929352 
103.679787	232.940216 
108.445145	244.668976 
104.519409	224.535217 
105.981262	279.998718 
105.576241	208.902451 
108.875923	224.415726 
102.808708	247.785217 
107.245766	250.794662 
106.552101	255.005264 
106.175049	267.288971 
105.946564	272.396515 
108.298973	233.817734 
107.140228	217.253387 
110.142746	214.160934 
103.273521	202.839233 
106.079865	237.955521 
108.786453	202.257095 
127.359772	83.639481 
119.661087	77.168465 
111.418335	55.438576 
106.280182	6.849268 
109.406097	22.452742 
110.108253	68.917488 
116.260948	54.864124 
109.033508	47.142433 
-10000000.000000	-10000000.000000 
112.031227	35.245625 
111.857246	62.624207 
-10000000.000000	-10000000.000000 
107.247765	11.526938 
-10000000.000000	-10000000.000000 
107.583244	18.544865 
110.401009	29.665268 
118.865517	71.287224 
117.719040	66.351929 
113.211609	44.589478 
107.199348	34.876842 
-10000000.000000	-10000000.000000 
-10000000.000000	-10000000.000000 
-10000000.000000	-10000000.000000 
-10000000.000000	-10000000.000000 
-10000000.000000	-10000000.000000 
-10000000.000000	-10000000.000000 
-10000000.000000	-10000000.000000 
-10000000.000000	-10000000.000000 
-10000000.000000	-10000000.000000 
-10000000.000000	-10000000.000000 
-10000000.000000	-10000000.000000 
-10000000.000000	-10000000.000000 
-10000000.000000	-10000000.000000 
-10000000.000000	-10000000.000000 
-10000000.000000	-10000000.000000 
-10000000.000000	-10000000.000000 
-10000000.000000	-10000000.000000 
-10000000.000000	-10000000.000000 
-10000000.000000	-10000000.000000 
-10000000.000000	-10000000.000000 
-10000000.000000	-10000000.000000 
-10000000.000000	-10000000.000000 
-10000000.000000	-10000000.000000 
-10000000.000000	-10000000.000000 
-10000000.000000	-10000000.000000 
-10000000.000000	-10000000.000000 
-10000000.000000	-10000000.000000 
-10000000.000000	-10000000.000000 
-10000000.000000	-10000000.000000 
-10000000.000000	-10000000.000000 
