70.997772	31.916780 
-10000000.000000	-10000000.000000 
-10000000.000000	-10000000.000000 
-10000000.000000	-10000000.000000 
-10000000.000000	-10000000.000000 
-10000000.000000	-10000000.000000 
-10000000.000000	-10000000.000000 
-10000000.000000	-10000000.000000 
-10000000.000000	-10000000.000000 
-10000000.000000	-10000000.000000 
-10000000.000000	-10000000.000000 
-10000000.000000	-10000000.000000 
-10000000.000000	-10000000.000000 
-10000000.000000	-10000000.000000 
-10000000.000000	-10000000.000000 
-10000000.000000	-10000000.000000 
-10000000.000000	-10000000.000000 
-10000000.000000	-10000000.000000 
-10000000.000000	-10000000.000000 
-10000000.000000	-10000000.000000 
-10000000.000000	-10000000.000000 
-10000000.000000	-10000000.000000 
-10000000.000000	-10000000.000000 
-10000000.000000	-10000000.000000 
-10000000.000000	-10000000.000000 
-10000000.000000	-10000000.000000 
-10000000.000000	-10000000.000000 
-10000000.000000	-10000000.000000 
-10000000.000000	-10000000.000000 
-10000000.000000	-10000000.000000 
-10000000.000000	-10000000.000000 
-10000000.000000	-10000000.000000 
-10000000.000000	-10000000.000000 
-10000000.000000	-10000000.000000 
-10000000.000000	-10000000.000000 
-10000000.000000	-10000000.000000 
-10000000.000000	-10000000.000000 
-10000000.000000	-10000000.000000 
-10000000.000000	-10000000.000000 
-10000000.000000	-10000000.000000 
-10000000.000000	-10000000.000000 
-10000000.000000	-10000000.000000 
-10000000.000000	-10000000.000000 
-10000000.000000	-10000000.000000 
-10000000.000000	-10000000.000000 
-10000000.000000	-10000000.000000 
-10000000.000000	-10000000.000000 
-10000000.000000	-10000000.000000 
-10000000.000000	-10000000.000000 
-10000000.000000	-10000000.000000 
-10000000.000000	-10000000.000000 
-10000000.000000	-10000000.000000 
-10000000.000000	-10000000.000000 
-10000000.000000	-10000000.000000 
-10000000.000000	-10000000.000000 
-10000000.000000	-10000000.000000 
-10000000.000000	-10000000.000000 
-10000000.000000	-10000000.000000 
-10000000.000000	-10000000.000000 
-10000000.000000	-10000000.000000 
-10000000.000000	-10000000.000000 
-10000000.000000	-10000000.000000 
-10000000.000000	-10000000.000000 
-10000000.000000	-10000000.000000 
-10000000.000000	-10000000.000000 
-10000000.000000	-10000000.000000 
-10000000.000000	-10000000.000000 
-10000000.000000	-10000000.000000 
-10000000.000000	-10000000.000000 
-10000000.000000	-10000000.000000 
-10000000.000000	-10000000.000000 
-10000000.000000	-10000000.000000 
-10000000.000000	-10000000.000000 
-10000000.000000	-10000000.000000 
-10000000.000000	-10000000.000000 
-10000000.000000	-10000000.000000 
-10000000.000000	-10000000.000000 
-10000000.000000	-10000000.000000 
-10000000.000000	-10000000.000000 
-10000000.000000	-10000000.000000 
-10000000.000000	-10000000.000000 
-10000000.000000	-10000000.000000 
-10000000.000000	-10000000.000000 
-10000000.000000	-10000000.000000 
-10000000.000000	-10000000.000000 
-10000000.000000	-10000000.000000 
-10000000.000000	-10000000.000000 
-10000000.000000	-10000000.000000 
-10000000.000000	-10000000.000000 
-10000000.000000	-10000000.000000 
-10000000.000000	-10000000.000000 
-10000000.000000	-10000000.000000 
-10000000.000000	-10000000.000000 
-10000000.000000	-10000000.000000 
-10000000.000000	-10000000.000000 
-10000000.000000	-10000000.000000 
-10000000.000000	-10000000.000000 
-10000000.000000	-10000000.000000 
-10000000.000000	-10000000.000000 
-10000000.000000	-10000000.000000 
-10000000.000000	-10000000.000000 
-10000000.000000	-10000000.000000 
-10000000.000000	-10000000.000000 
-10000000.000000	-10000000.000000 
-10000000.000000	-10000000.000000 
-10000000.000000	-10000000.000000 
-10000000.000000	-10000000.000000 
-10000000.000000	-10000000.000000 
-10000000.000000	-10000000.000000 
-10000000.000000	-10000000.000000 
-10000000.000000	-10000000.000000 
-10000000.000000	-10000000.000000 
-10000000.000000	-10000000.000000 
-10000000.000000	-10000000.000000 
-10000000.000000	-10000000.000000 
-10000000.000000	-10000000.000000 
-10000000.000000	-10000000.000000 
-10000000.000000	-10000000.000000 
-10000000.000000	-10000000.000000 
-10000000.000000	-10000000.000000 
-10000000.000000	-10000000.000000 
-10000000.000000	-10000000.000000 
-10000000.000000	-10000000.000000 
-10000000.000000	-10000000.000000 
-10000000.000000	-10000000.000000 
-10000000.000000	-10000000.000000 
-10000000.000000	-10000000.000000 
-10000000.000000	-10000000.000000 
-10000000.000000	-10000000.000000 
-10000000.000000	-10000000.000000 
-10000000.000000	-10000000.000000 
105.710258	285.498535 
108.922958	220.401886 
101.190765	253.695740 
107.094261	267.127228 
104.635620	247.015549 
-10000000.000000	-10000000.000000 
105.433876	231.402451 
110.176537	247.073059 
103.452202	270.288330 
107.690361	273.111694 
105.776405	277.492401 
105.367325	289.774323 
105.175446	294.883698 
107.223457	256.271240 
105.493973	240.147888 
108.797150	236.620651 
103.337334	225.179535 
105.688446	260.451874 
107.922386	224.753387 
117.892685	66.887848 
115.461563	55.063972 
107.552757	32.810612 
-10000000.000000	-10000000.000000 
-10000000.000000	-10000000.000000 
108.426895	46.500607 
111.989792	32.576389 
103.827354	24.581699 
-10000000.000000	-10000000.000000 
110.614464	13.911446 
109.408211	40.257874 
-10000000.000000	-10000000.000000 
-10000000.000000	-10000000.000000 
-10000000.000000	-10000000.000000 
-10000000.000000	-10000000.000000 
106.370857	7.529190 
114.569862	49.201042 
113.514267	44.251621 
109.234840	22.559132 
105.763748	12.421360 
-10000000.000000	-10000000.000000 
-10000000.000000	-10000000.000000 
-10000000.000000	-10000000.000000 
-10000000.000000	-10000000.000000 
-10000000.000000	-10000000.000000 
-10000000.000000	-10000000.000000 
-10000000.000000	-10000000.000000 
-10000000.000000	-10000000.000000 
-10000000.000000	-10000000.000000 
-10000000.000000	-10000000.000000 
-10000000.000000	-10000000.000000 
-10000000.000000	-10000000.000000 
-10000000.000000	-10000000.000000 
-10000000.000000	-10000000.000000 
-10000000.000000	-10000000.000000 
-10000000.000000	-10000000.000000 
-10000000.000000	-10000000.000000 
-10000000.000000	-10000000.000000 
-10000000.000000	-10000000.000000 
-10000000.000000	-10000000.000000 
-10000000.000000	-10000000.000000 
-10000000.000000	-10000000.000000 
-10000000.000000	-10000000.000000 
-10000000.000000	-10000000.000000 
-10000000.000000	-10000000.000000 
-10000000.000000	-10000000.000000 
-10000000.000000	-10000000.000000 
-10000000.000000	-10000000.000000 
-10000000.000000	-10000000.000000 
-10000000.000000	-10000000.000000 
