-10000000.000000	-10000000.000000 
-146.464127	-53.934216 
-10000000.000000	-10000000.000000 
-10000000.000000	-10000000.000000 
-10000000.000000	-10000000.000000 
-150.538971	-108.381813 
-10000000.000000	-10000000.000000 
-10000000.000000	-10000000.000000 
-10000000.000000	-10000000.000000 
-10000000.000000	-10000000.000000 
-10000000.000000	-10000000.000000 
-10000000.000000	-10000000.000000 
-10000000.000000	-10000000.000000 
-169.785873	-135.658615 
-53.581387	156.488708 
-10000000.000000	-10000000.000000 
-10000000.000000	-10000000.000000 
-164.273560	-117.064644 
-16.179697	185.581604 
-10000000.000000	-10000000.000000 
-10000000.000000	-10000000.000000 
-118.575317	104.162964 
-10000000.000000	-10000000.000000 
-149.693237	-81.722595 
-10000000.000000	-10000000.000000 
-10000000.000000	-10000000.000000 
-10000000.000000	-10000000.000000 
-102.698471	72.975243 
-10000000.000000	-10000000.000000 
-10000000.000000	-10000000.000000 
-10000000.000000	-10000000.000000 
-10000000.000000	-10000000.000000 
-10000000.000000	-10000000.000000 
-10000000.000000	-10000000.000000 
-115.894890	40.841850 
-10000000.000000	-10000000.000000 
-10000000.000000	-10000000.000000 
-156.754944	-94.730133 
-10000000.000000	-10000000.000000 
-98.101341	98.997940 
-10000000.000000	-10000000.000000 
-10000000.000000	-10000000.000000 
-36.629139	165.005066 
-10000000.000000	-10000000.000000 
-10000000.000000	-10000000.000000 
-10000000.000000	-10000000.000000 
-10000000.000000	-10000000.000000 
-10000000.000000	-10000000.000000 
-10000000.000000	-10000000.000000 
-10000000.000000	-10000000.000000 
-10000000.000000	-10000000.000000 
-10000000.000000	-10000000.000000 
-10000000.000000	-10000000.000000 
-10000000.000000	-10000000.000000 
-10000000.000000	-10000000.000000 
-10000000.000000	-10000000.000000 
-10000000.000000	-10000000.000000 
-10000000.000000	-10000000.000000 
-10000000.000000	-10000000.000000 
-10000000.000000	-10000000.000000 
-10000000.000000	-10000000.000000 
-119.721054	23.363590 
-91.823448	112.609978 
-10000000.000000	-10000000.000000 
-10000000.000000	-10000000.000000 
-10000000.000000	-10000000.000000 
-10000000.000000	-10000000.000000 
-10000000.000000	-10000000.000000 
-129.169937	10.296806 
-10000000.000000	-10000000.000000 
-10000000.000000	-10000000.000000 
-10000000.000000	-10000000.000000 
-10000000.000000	-10000000.000000 
-10000000.000000	-10000000.000000 
-10000000.000000	-10000000.000000 
-10000000.000000	-10000000.000000 
-10000000.000000	-10000000.000000 
-10000000.000000	-10000000.000000 
-10000000.000000	-10000000.000000 
-10000000.000000	-10000000.000000 
-10000000.000000	-10000000.000000 
-10000000.000000	-10000000.000000 
-10000000.000000	-10000000.000000 
-10000000.000000	-10000000.000000 
-10000000.000000	-10000000.000000 
-10000000.000000	-10000000.000000 
-10000000.000000	-10000000.000000 
-10000000.000000	-10000000.000000 
-10000000.000000	-10000000.000000 
-10000000.000000	-10000000.000000 
-10000000.000000	-10000000.000000 
134.045090	151.580261 
-10000000.000000	-10000000.000000 
-10000000.000000	-10000000.000000 
-10000000.000000	-10000000.000000 
-10000000.000000	-10000000.000000 
-10000000.000000	-10000000.000000 
-10000000.000000	-10000000.000000 
-10000000.000000	-10000000.000000 
-10000000.000000	-10000000.000000 
-10000000.000000	-10000000.000000 
-10000000.000000	-10000000.000000 
-10000000.000000	-10000000.000000 
-10000000.000000	-10000000.000000 
-10000000.000000	-10000000.000000 
-10000000.000000	-10000000.000000 
-10000000.000000	-10000000.000000 
-10000000.000000	-10000000.000000 
-10000000.000000	-10000000.000000 
-10000000.000000	-10000000.000000 
-10000000.000000	-10000000.000000 
-10000000.000000	-10000000.000000 
-10000000.000000	-10000000.000000 
-10000000.000000	-10000000.000000 
-10000000.000000	-10000000.000000 
-10000000.000000	-10000000.000000 
-10000000.000000	-10000000.000000 
-10000000.000000	-10000000.000000 
-10000000.000000	-10000000.000000 
-10000000.000000	-10000000.000000 
-10000000.000000	-10000000.000000 
-10000000.000000	-10000000.000000 
-10000000.000000	-10000000.000000 
-10000000.000000	-10000000.000000 
-10000000.000000	-10000000.000000 
-10000000.000000	-10000000.000000 
-10000000.000000	-10000000.000000 
-10000000.000000	-10000000.000000 
-10000000.000000	-10000000.000000 
-10000000.000000	-10000000.000000 
-10000000.000000	-10000000.000000 
-10000000.000000	-10000000.000000 
-10000000.000000	-10000000.000000 
-10000000.000000	-10000000.000000 
-10000000.000000	-10000000.000000 
-10000000.000000	-10000000.000000 
-10000000.000000	-10000000.000000 
-10000000.000000	-10000000.000000 
-10000000.000000	-10000000.000000 
-10000000.000000	-10000000.000000 
-10000000.000000	-10000000.000000 
-10000000.000000	-10000000.000000 
-10000000.000000	-10000000.000000 
-10000000.000000	-10000000.000000 
-10000000.000000	-10000000.000000 
-10000000.000000	-10000000.000000 
-10000000.000000	-10000000.000000 
-10000000.000000	-10000000.000000 
-10000000.000000	-10000000.000000 
-10000000.000000	-10000000.000000 
-10000000.000000	-10000000.000000 
-10000000.000000	-10000000.000000 
-10000000.000000	-10000000.000000 
-10000000.000000	-10000000.000000 
-10000000.000000	-10000000.000000 
-10000000.000000	-10000000.000000 
-10000000.000000	-10000000.000000 
-10000000.000000	-10000000.000000 
-10000000.000000	-10000000.000000 
-10000000.000000	-10000000.000000 
-10000000.000000	-10000000.000000 
-10000000.000000	-10000000.000000 
-10000000.000000	-10000000.000000 
-10000000.000000	-10000000.000000 
-10000000.000000	-10000000.000000 
-10000000.000000	-10000000.000000 
-10000000.000000	-10000000.000000 
-10000000.000000	-10000000.000000 
-10000000.000000	-10000000.000000 
-10000000.000000	-10000000.000000 
-10000000.000000	-10000000.000000 
-10000000.000000	-10000000.000000 
-10000000.000000	-10000000.000000 
-10000000.000000	-10000000.000000 
-10000000.000000	-10000000.000000 
-10000000.000000	-10000000.000000 
-10000000.000000	-10000000.000000 
-10000000.000000	-10000000.000000 
-10000000.000000	-10000000.000000 
-10000000.000000	-10000000.000000 
-10000000.000000	-10000000.000000 
-10000000.000000	-10000000.000000 
-10000000.000000	-10000000.000000 
-10000000.000000	-10000000.000000 
-10000000.000000	-10000000.000000 
-10000000.000000	-10000000.000000 
-10000000.000000	-10000000.000000 
-10000000.000000	-10000000.000000 
-10000000.000000	-10000000.000000 
-10000000.000000	-10000000.000000 
-10000000.000000	-10000000.000000 
-10000000.000000	-10000000.000000 
-10000000.000000	-10000000.000000 
-10000000.000000	-10000000.000000 
-10000000.000000	-10000000.000000 
-10000000.000000	-10000000.000000 
-10000000.000000	-10000000.000000 
-10000000.000000	-10000000.000000 
-10000000.000000	-10000000.000000 
-10000000.000000	-10000000.000000 
