-149.619308	-101.164543 
-10000000.000000	-10000000.000000 
-104.057678	108.679359 
-84.433403	75.453003 
-51.575287	113.309685 
-6.857014	177.902191 
-138.624710	-28.446472 
-41.594227	121.332588 
-122.342613	60.861633 
-10000000.000000	-10000000.000000 
-10000000.000000	-10000000.000000 
-114.531990	46.784122 
-82.682404	62.673279 
-45.475327	143.790573 
-151.727493	-51.952965 
-41.934307	77.164421 
-115.308609	23.824896 
-10000000.000000	-10000000.000000 
-10000000.000000	-10000000.000000 
-30.393877	182.781921 
-31.677114	86.997894 
-10000000.000000	-10000000.000000 
-10000000.000000	-10000000.000000 
-111.947746	69.297409 
-106.209061	95.872841 
-128.532928	40.552658 
-58.052200	56.143074 
-63.112110	116.505226 
-132.184952	-17.361294 
-69.273003	136.812088 
-91.213814	113.923416 
-96.793915	77.892914 
-77.941162	87.207001 
-10000000.000000	-10000000.000000 
-140.284271	-66.439178 
-54.312099	99.261269 
-29.418514	113.536835 
-10000000.000000	-10000000.000000 
-100.116570	66.199104 
-10000000.000000	-10000000.000000 
-66.065842	105.543587 
-145.816010	-39.671646 
-41.165298	94.429550 
-71.973190	74.316620 
-10000000.000000	-10000000.000000 
80.598038	138.965881 
-90.661263	88.341202 
-91.565819	100.639160 
-10000000.000000	-10000000.000000 
-61.775574	145.820236 
-46.910908	63.173542 
-66.013168	93.732368 
-5.812395	192.707550 
-165.141525	-128.902771 
-78.092384	100.756248 
-10000000.000000	-10000000.000000 
-93.262512	56.233990 
-10000000.000000	-10000000.000000 
-32.346226	139.273117 
-41.695652	133.741379 
-10000000.000000	-10000000.000000 
-142.075653	26.781929 
-50.448372	86.759697 
-10000000.000000	-10000000.000000 
-146.323120	-82.059937 
-10000000.000000	-10000000.000000 
-10000000.000000	-10000000.000000 
-10000000.000000	-10000000.000000 
-30.005053	126.405861 
-24.578327	148.390427 
-59.521572	69.811234 
-61.711243	82.359993 
-155.227142	-66.046257 
13.980761	216.490311 
-10000000.000000	-10000000.000000 
-119.614578	80.148636 
-136.811371	-51.739223 
-52.876694	130.444565 
-107.569855	83.773705 
-161.040741	-79.482567 
-162.218185	-94.821060 
-10000000.000000	-10000000.000000 
-70.830185	58.042782 
17.331024	197.662918 
-10000000.000000	-10000000.000000 
-128.616287	27.017956 
-179.510483	-157.635239 
13.364744	235.560669 
-63.839630	128.137390 
-165.904892	-154.154617 
-136.644974	-3.468789 
-10000000.000000	-10000000.000000 
-78.443069	115.128693 
-173.335495	-141.539398 
-161.231903	-114.316307 
-40.795277	106.525101 
-10000000.000000	-10000000.000000 
-158.177780	-141.819138 
-20.118689	134.554260 
-10000000.000000	-10000000.000000 
173.814529	32.953075 
188.901611	-14.446970 
-10000000.000000	-10000000.000000 
126.765907	7.930568 
-10000000.000000	-10000000.000000 
143.137299	129.265793 
-10000000.000000	-10000000.000000 
-10000000.000000	-10000000.000000 
-10000000.000000	-10000000.000000 
-10000000.000000	-10000000.000000 
-10000000.000000	-10000000.000000 
-10000000.000000	-10000000.000000 
-10000000.000000	-10000000.000000 
-10000000.000000	-10000000.000000 
154.551071	119.599365 
-10000000.000000	-10000000.000000 
-10000000.000000	-10000000.000000 
-10000000.000000	-10000000.000000 
189.608444	-101.782516 
-10000000.000000	-10000000.000000 
-10000000.000000	-10000000.000000 
-10000000.000000	-10000000.000000 
-10000000.000000	-10000000.000000 
129.757813	123.835793 
-10000000.000000	-10000000.000000 
-10000000.000000	-10000000.000000 
147.182449	-49.042850 
-10000000.000000	-10000000.000000 
169.193893	-45.903572 
182.039749	-85.372116 
153.853500	-78.580116 
-10000000.000000	-10000000.000000 
181.834564	-70.452919 
-10000000.000000	-10000000.000000 
175.761871	-97.275162 
152.210938	11.072708 
160.612305	25.897930 
-10000000.000000	-10000000.000000 
180.220703	-1.656627 
-10000000.000000	-10000000.000000 
-10000000.000000	-10000000.000000 
-10000000.000000	-10000000.000000 
138.740204	97.455276 
178.255692	-114.334000 
-10000000.000000	-10000000.000000 
-10000000.000000	-10000000.000000 
-10000000.000000	-10000000.000000 
-10000000.000000	-10000000.000000 
-10000000.000000	-10000000.000000 
194.449463	-151.430511 
167.957001	-75.213943 
149.716980	40.509468 
-10000000.000000	-10000000.000000 
159.961533	-19.701876 
153.258286	93.669220 
168.809311	-31.650463 
-10000000.000000	-10000000.000000 
143.395950	22.164017 
186.728424	-139.205276 
123.921837	178.524445 
-10000000.000000	-10000000.000000 
173.117050	-144.308807 
-10000000.000000	-10000000.000000 
179.586197	-128.590347 
-10000000.000000	-10000000.000000 
151.281021	144.238434 
-10000000.000000	-10000000.000000 
160.095810	-151.447540 
-10000000.000000	-10000000.000000 
169.287491	-60.852158 
-10000000.000000	-10000000.000000 
-10000000.000000	-10000000.000000 
-10000000.000000	-10000000.000000 
-10000000.000000	-10000000.000000 
-10000000.000000	-10000000.000000 
-10000000.000000	-10000000.000000 
-10000000.000000	-10000000.000000 
164.622818	-89.694565 
165.208435	-132.038849 
-10000000.000000	-10000000.000000 
-10000000.000000	-10000000.000000 
-10000000.000000	-10000000.000000 
-10000000.000000	-10000000.000000 
-10000000.000000	-10000000.000000 
139.236694	50.787582 
174.038116	-14.267873 
-10000000.000000	-10000000.000000 
-10000000.000000	-10000000.000000 
-10000000.000000	-10000000.000000 
182.908981	-55.575512 
-10000000.000000	-10000000.000000 
-10000000.000000	-10000000.000000 
-10000000.000000	-10000000.000000 
113.758308	26.241199 
-10000000.000000	-10000000.000000 
182.930389	-26.826534 
181.651764	-156.274445 
-10000000.000000	-10000000.000000 
-10000000.000000	-10000000.000000 
-10000000.000000	-10000000.000000 
