tms
c	0	1	81.796906	0.000000	22.923880
c	1	1	45.809074	0.000000	20.631004
c	2	1	31.943668	0.000000	34.515709
c	3	1	51.530022	0.000000	41.253063
c	4	1	-10000000.000000	0.000000	-10000000.000000
c	5	1	79.920334	0.000000	39.397629
c	6	1	67.634995	0.000000	39.643429
c	7	1	73.588158	0.000000	52.402370
c	8	1	68.787773	0.000000	50.029339
c	9	1	-10000000.000000	0.000000	-10000000.000000

81.796906 22.923880 2.374312
45.809074 20.631004 1.523025
31.943668 34.515709 0.944092
51.530022 41.253063 1.837561
-10000000.000000 -10000000.000000 0.647582
79.920334 39.397629 2.668314
67.634995 39.643429 2.459545
73.588158 52.402370 3.004171
68.787773 50.029339 2.868145
-10000000.000000 -10000000.000000 0.694420
