tms
c	0	1	93.240997	0.000000	11.886518
c	1	1	45.050331	0.000000	4.749096
c	2	1	22.618450	0.000000	21.637213
c	3	1	55.721992	0.000000	25.915691
c	4	1	35.506073	0.000000	46.922119
c	5	1	94.070206	0.000000	32.149982
c	6	1	80.174591	0.000000	30.022644
c	7	1	88.358513	0.000000	49.436234
c	8	1	85.397949	0.000000	45.682114
c	9	1	39.810295	0.000000	49.596012

93.240997 11.886518 2.374305
45.050331 4.749096 1.523035
22.618450 21.637213 0.944089
55.721992 25.915691 1.837580
35.506073 46.922119 0.648242
94.070206 32.149982 2.668288
80.174591 30.022644 2.469888
88.358513 49.436234 2.981661
85.397949 45.682114 2.876263
39.810295 49.596012 0.694424
