tms
c	0	1	73.023102	0.000000	31.385775
c	1	1	46.391151	0.000000	32.807289
c	2	1	39.092567	0.000000	44.388870
c	3	1	48.316628	0.000000	53.011715
c	4	1	-10000000.000000	0.000000	-10000000.000000
c	5	1	69.228264	0.000000	44.747009
c	6	1	58.148399	0.000000	46.314037
c	7	1	63.583145	0.000000	54.660934
c	8	1	56.801605	0.000000	53.436993
c	9	1	-10000000.000000	0.000000	-10000000.000000

73.023102 31.385775 2.374320
46.391151 32.807289 1.523022
39.092567 44.388870 0.944089
48.316628 53.011715 1.837559
-10000000.000000 -10000000.000000 0.647582
69.228264 44.747009 2.663958
58.148399 46.314037 2.403490
63.583145 54.660934 3.058401
56.801605 53.436993 2.872720
-10000000.000000 -10000000.000000 0.694420
