tms
c	0	1	81.415436	0.000000	23.291788
c	1	1	45.834366	0.000000	21.160408
c	2	1	32.254494	0.000000	34.944977
c	3	1	51.390289	0.000000	41.764309
c	4	1	-10000000.000000	0.000000	-10000000.000000
c	5	1	79.450233	0.000000	39.641098
c	6	1	67.202850	0.000000	39.907509
c	7	1	73.069237	0.000000	52.552513
c	8	1	68.273415	0.000000	50.181816
c	9	1	-10000000.000000	0.000000	-10000000.000000

81.415436 23.291788 2.374312
45.834366 21.160408 1.523024
32.254494 34.944977 0.944092
51.390289 41.764309 1.837560
-10000000.000000 -10000000.000000 0.647582
79.450233 39.641098 2.668382
67.202850 39.907509 2.457054
73.069237 52.552513 3.007293
68.273415 50.181816 2.868347
-10000000.000000 -10000000.000000 0.694420
