tms
c	0	1	69.590202	0.000000	34.694611
c	1	1	46.618950	0.000000	37.571922
c	2	1	41.945030	0.000000	47.940216
c	3	1	-10000000.000000	0.000000	-10000000.000000
c	4	1	-10000000.000000	0.000000	-10000000.000000
c	5	1	65.169449	0.000000	46.699276
c	6	1	54.673180	0.000000	49.757130
c	7	1	60.462173	0.000000	54.606686
c	8	1	51.947544	0.000000	54.917023
c	9	1	-10000000.000000	0.000000	-10000000.000000

69.590202 34.694611 2.374278
46.618950 37.571922 1.523022
41.945030 47.940216 0.965979
-10000000.000000 -10000000.000000 1.837559
-10000000.000000 -10000000.000000 0.647582
65.169449 46.699276 2.656812
54.673180 49.757130 2.424135
60.462173 54.606686 3.034638
51.947544 54.917023 2.902528
-10000000.000000 -10000000.000000 0.694420
