tms
c	0	1	70.352814	0.000000	33.961235
c	1	1	46.568329	0.000000	36.513115
c	2	1	41.248077	0.000000	47.326740
c	3	1	-10000000.000000	0.000000	-10000000.000000
c	4	1	-10000000.000000	0.000000	-10000000.000000
c	5	1	66.002693	0.000000	46.172504
c	6	1	55.411030	0.000000	48.808582
c	7	1	61.262444	0.000000	54.596851
c	8	1	53.170460	0.000000	54.523460
c	9	1	-10000000.000000	0.000000	-10000000.000000

70.352814 33.961235 2.374326
46.568329 36.513115 1.523022
41.248077 47.326740 0.945858
-10000000.000000 -10000000.000000 1.837559
-10000000.000000 -10000000.000000 0.647582
66.002693 46.172504 2.653195
55.411030 48.808582 2.403134
61.262444 54.596851 3.040632
53.170460 54.523460 2.885707
-10000000.000000 -10000000.000000 0.694420
