tms
c	0	1	85.611603	0.000000	19.244795
c	1	1	45.556160	0.000000	15.336979
c	2	1	28.835262	0.000000	30.222952
c	3	1	52.927345	0.000000	36.140606
c	4	1	43.953930	0.000000	53.317829
c	5	1	84.635696	0.000000	36.981678
c	6	1	71.883881	0.000000	36.608223
c	7	1	78.655365	0.000000	51.422916
c	8	1	74.485535	0.000000	48.441460
c	9	1	-10000000.000000	0.000000	-10000000.000000

85.611603 19.244795 2.374310
45.556160 15.336979 1.523029
28.835262 30.222952 0.944089
52.927345 36.140606 1.837571
43.953930 53.317829 0.647570
84.635696 36.981678 2.668288
71.883881 36.608223 2.469742
78.655365 51.422916 2.995725
74.485535 48.441460 2.868547
-10000000.000000 -10000000.000000 0.694420
