tms
c	0	1	61.741745	0.000000	42.371883
c	1	1	46.436932	0.000000	47.789772
c	2	1	-10000000.000000	0.000000	-10000000.000000
c	3	1	-10000000.000000	0.000000	-10000000.000000
c	4	1	-10000000.000000	0.000000	-10000000.000000
c	5	1	56.425026	0.000000	51.424496
c	6	1	-10000000.000000	0.000000	-10000000.000000
c	7	1	51.857594	0.000000	54.962822
c	8	1	-10000000.000000	0.000000	-10000000.000000
c	9	1	-10000000.000000	0.000000	-10000000.000000

61.741745 42.371883 2.378208
46.436932 47.789772 1.443389
-10000000.000000 -10000000.000000 0.890704
-10000000.000000 -10000000.000000 1.837559
-10000000.000000 -10000000.000000 0.647582
56.425026 51.424496 2.667411
-10000000.000000 -10000000.000000 2.805355
51.857594 54.962822 2.907924
-10000000.000000 -10000000.000000 2.902167
-10000000.000000 -10000000.000000 0.694420
