tms
c	0	1	77.982208	0.000000	26.602964
c	1	1	46.062107	0.000000	25.925041
c	2	1	35.051888	0.000000	38.808388
c	3	1	50.132870	0.000000	46.365520
c	4	1	-10000000.000000	0.000000	-10000000.000000
c	5	1	75.217781	0.000000	41.804707
c	6	1	63.285542	0.000000	42.273014
c	7	1	68.775742	0.000000	53.751472
c	8	1	63.445221	0.000000	51.608807
c	9	1	-10000000.000000	0.000000	-10000000.000000

77.982208 26.602964 2.374315
46.062107 25.925041 1.523022
35.051888 38.808388 0.944091
50.132870 46.365520 1.837559
-10000000.000000 -10000000.000000 0.647582
75.217781 41.804707 2.668283
63.285542 42.273014 2.426088
68.775742 53.751472 3.035765
63.445221 51.608807 2.872862
-10000000.000000 -10000000.000000 0.694420
