tms
c	0	1	63.939953	0.000000	40.197880
c	1	1	46.747780	0.000000	45.183235
c	2	1	45.364250	0.000000	53.359409
c	3	1	-10000000.000000	0.000000	-10000000.000000
c	4	1	-10000000.000000	0.000000	-10000000.000000
c	5	1	58.714325	0.000000	50.112534
c	6	1	-10000000.000000	0.000000	-10000000.000000
c	7	1	54.506851	0.000000	54.395828
c	8	1	-10000000.000000	0.000000	-10000000.000000
c	9	1	-10000000.000000	0.000000	-10000000.000000

63.939953 40.197880 2.375798
46.747780 45.183235 1.502873
45.364250 53.359409 0.890704
-10000000.000000 -10000000.000000 1.837559
-10000000.000000 -10000000.000000 0.647582
58.714325 50.112534 2.658862
-10000000.000000 -10000000.000000 2.805355
54.506851 54.395828 2.918002
-10000000.000000 -10000000.000000 2.902167
-10000000.000000 -10000000.000000 0.694420
