tms
c	0	1	54.850174	0.000000	48.968491
c	1	1	-10000000.000000	0.000000	-10000000.000000
c	2	1	-10000000.000000	0.000000	-10000000.000000
c	3	1	-10000000.000000	0.000000	-10000000.000000
c	4	1	-10000000.000000	0.000000	-10000000.000000
c	5	1	-10000000.000000	0.000000	-10000000.000000
c	6	1	-10000000.000000	0.000000	-10000000.000000
c	7	1	-10000000.000000	0.000000	-10000000.000000
c	8	1	-10000000.000000	0.000000	-10000000.000000
c	9	1	-10000000.000000	0.000000	-10000000.000000

54.850174 48.968491 2.378349
-10000000.000000 -10000000.000000 1.182126
-10000000.000000 -10000000.000000 0.890704
-10000000.000000 -10000000.000000 1.837559
-10000000.000000 -10000000.000000 0.647582
-10000000.000000 -10000000.000000 2.668800
-10000000.000000 -10000000.000000 2.805355
-10000000.000000 -10000000.000000 2.907923
-10000000.000000 -10000000.000000 2.902167
-10000000.000000 -10000000.000000 0.694420
