tms
c	0	1	71.115753	0.000000	33.225380
c	1	1	46.517704	0.000000	35.454308
c	2	1	40.646675	0.000000	46.535210
c	3	1	-10000000.000000	0.000000	-10000000.000000
c	4	1	-10000000.000000	0.000000	-10000000.000000
c	5	1	66.851364	0.000000	45.716805
c	6	1	56.188026	0.000000	48.097218
c	7	1	62.044643	0.000000	54.670952
c	8	1	54.246902	0.000000	54.140995
c	9	1	-10000000.000000	0.000000	-10000000.000000

71.115753 33.225380 2.374324
46.517704 35.454308 1.523023
40.646675 46.535210 0.944087
-10000000.000000 -10000000.000000 1.837559
-10000000.000000 -10000000.000000 0.647582
66.851364 45.716805 2.653430
56.188026 48.097218 2.403489
62.044643 54.670952 3.050878
54.246902 54.140995 2.872729
-10000000.000000 -10000000.000000 0.694420
