tms
c	0	1	85.993073	0.000000	18.876886
c	1	1	45.530869	0.000000	14.807585
c	2	1	28.524422	0.000000	29.793665
c	3	1	53.067078	0.000000	35.629360
c	4	1	43.531223	0.000000	52.998119
c	5	1	85.107422	0.000000	36.740093
c	6	1	72.298691	0.000000	36.278328
c	7	1	79.179733	0.000000	51.345898
c	8	1	75.055305	0.000000	48.289921
c	9	1	-10000000.000000	0.000000	-10000000.000000

85.993073 18.876886 2.374310
45.530869 14.807585 1.523029
28.524422 29.793665 0.944089
53.067078 35.629360 1.837572
43.531223 52.998119 0.647568
85.107422 36.740093 2.668288
72.298691 36.278328 2.469742
79.179733 51.345898 2.995725
75.055305 48.289921 2.868799
-10000000.000000 -10000000.000000 0.694420
