tms
c	0	1	65.394035	0.000000	38.741814
c	1	1	46.992699	0.000000	43.189198
c	2	1	44.192387	0.000000	51.677891
c	3	1	-10000000.000000	0.000000	-10000000.000000
c	4	1	-10000000.000000	0.000000	-10000000.000000
c	5	1	60.152569	0.000000	49.418339
c	6	1	-10000000.000000	0.000000	-10000000.000000
c	7	1	55.377670	0.000000	54.515945
c	8	1	-10000000.000000	0.000000	-10000000.000000
c	9	1	-10000000.000000	0.000000	-10000000.000000

65.394035 38.741814 2.374281
46.992699 43.189198 1.531270
44.192387 51.677891 0.918661
-10000000.000000 -10000000.000000 1.837559
-10000000.000000 -10000000.000000 0.647582
60.152569 49.418339 2.661319
-10000000.000000 -10000000.000000 2.805355
55.377670 54.515945 2.954713
-10000000.000000 -10000000.000000 2.902167
-10000000.000000 -10000000.000000 0.694420
