tms
c	0	1	74.548981	0.000000	29.914141
c	1	1	46.289906	0.000000	30.689674
c	2	1	37.849281	0.000000	42.671799
c	3	1	48.875469	0.000000	50.966732
c	4	1	-10000000.000000	0.000000	-10000000.000000
c	5	1	71.134575	0.000000	43.975327
c	6	1	59.716698	0.000000	44.887493
c	7	1	64.848724	0.000000	54.532269
c	8	1	58.845367	0.000000	52.873791
c	9	1	-10000000.000000	0.000000	-10000000.000000

74.548981 29.914141 2.374318
46.289906 30.689674 1.523022
37.849281 42.671799 0.944090
48.875469 50.966732 1.837559
-10000000.000000 -10000000.000000 0.647582
71.134575 43.975327 2.670858
59.716698 44.887493 2.403490
64.848724 54.532269 3.057225
58.845367 52.873791 2.872716
-10000000.000000 -10000000.000000 0.694420
