tms
c	0	1	70.734283	0.000000	33.593307
c	1	1	46.543015	0.000000	35.983711
c	2	1	40.963387	0.000000	46.956791
c	3	1	-10000000.000000	0.000000	-10000000.000000
c	4	1	-10000000.000000	0.000000	-10000000.000000
c	5	1	66.417397	0.000000	45.911160
c	6	1	55.795448	0.000000	48.451405
c	7	1	61.647278	0.000000	54.628448
c	8	1	53.737087	0.000000	54.293163
c	9	1	-10000000.000000	0.000000	-10000000.000000

70.734283 33.593307 2.374325
46.543015 35.983711 1.523022
40.963387 46.956791 0.944665
-10000000.000000 -10000000.000000 1.837559
-10000000.000000 -10000000.000000 0.647582
66.417397 45.911160 2.651718
55.795448 48.451405 2.403489
61.647278 54.628448 3.045660
53.737087 54.293163 2.873732
-10000000.000000 -10000000.000000 0.694420
