tms
c	0	1	87.137482	0.000000	17.773161
c	1	1	45.454994	0.000000	13.219402
c	2	1	27.591900	0.000000	28.505804
c	3	1	53.486275	0.000000	34.095623
c	4	1	42.263103	0.000000	52.038990
c	5	1	86.522598	0.000000	36.015339
c	6	1	73.546410	0.000000	35.291847
c	7	1	80.752838	0.000000	51.114841
c	8	1	76.740021	0.000000	47.841812
c	9	1	-10000000.000000	0.000000	-10000000.000000

87.137482 17.773161 2.374309
45.454994 13.219402 1.523031
27.591900 28.505804 0.944089
53.486275 34.095623 1.837573
42.263103 52.038990 0.647563
86.522598 36.015339 2.668288
73.546410 35.291847 2.469878
80.752838 51.114841 2.995727
76.740021 47.841812 2.869555
-10000000.000000 -10000000.000000 0.694420
