tms
c	0	7330280	49.943810	0.000000	53.494762
c	1	7331432	-10000000.000000	0.000000	-10000000.000000
c	2	7331436	-10000000.000000	0.000000	-10000000.000000
c	3	7331436	-10000000.000000	0.000000	-10000000.000000
c	4	7330352	-10000000.000000	0.000000	-10000000.000000
c	5	7333768	-10000000.000000	0.000000	-10000000.000000
c	6	7333808	-10000000.000000	0.000000	-10000000.000000
c	7	7333820	-10000000.000000	0.000000	-10000000.000000
c	8	7330424	-10000000.000000	0.000000	-10000000.000000
c	9	7336392	-10000000.000000	0.000000	-10000000.000000

49.943810 53.494762 2.343784
-10000000.000000 -10000000.000000 1.483736
-10000000.000000 -10000000.000000 0.852208
-10000000.000000 -10000000.000000 1.837559
-10000000.000000 -10000000.000000 0.651425
-10000000.000000 -10000000.000000 2.337020
-10000000.000000 -10000000.000000 2.842499
-10000000.000000 -10000000.000000 2.913067
-10000000.000000 -10000000.000000 2.885782
-10000000.000000 -10000000.000000 0.694420
