tms
c	0	1	90.189240	0.000000	14.829863
c	1	1	45.252663	0.000000	8.984249
c	2	1	25.105175	0.000000	25.071508
c	3	1	54.604134	0.000000	30.005657
c	4	1	38.881451	0.000000	49.481312
c	5	1	90.296402	0.000000	34.082661
c	6	1	76.856682	0.000000	32.657867
c	7	1	84.928032	0.000000	50.492359
c	8	1	81.342110	0.000000	46.704857
c	9	1	43.068352	0.000000	52.309330

90.189240 14.829863 2.374307
45.252663 8.984249 1.523033
25.105175 25.071508 0.944089
54.604134 30.005657 1.837577
38.881451 49.481312 0.647556
90.296402 34.082661 2.668288
76.856682 32.657867 2.469833
84.928032 50.492359 2.995349
81.342110 46.704857 2.873504
43.068352 52.309330 0.694423
