tms
c	0	1	76.456329	0.000000	28.074598
c	1	1	46.163353	0.000000	28.042656
c	2	1	36.295174	0.000000	40.525459
c	3	1	49.574028	0.000000	48.410503
c	4	1	-10000000.000000	0.000000	-10000000.000000
c	5	1	73.353096	0.000000	42.757893
c	6	1	61.730968	0.000000	43.393246
c	7	1	66.922447	0.000000	54.294559
c	8	1	61.400070	0.000000	52.169788
c	9	1	-10000000.000000	0.000000	-10000000.000000

76.456329 28.074598 2.374316
46.163353 28.042656 1.523022
36.295174 40.525459 0.944091
49.574028 48.410503 1.837559
-10000000.000000 -10000000.000000 0.647582
73.353096 42.757893 2.668228
61.730968 43.393246 2.417003
66.922447 54.294559 3.053397
61.400070 52.169788 2.872712
-10000000.000000 -10000000.000000 0.694420
