tms
c	0	1	74.167511	0.000000	30.282049
c	1	1	46.315220	0.000000	31.219078
c	2	1	38.160103	0.000000	43.101067
c	3	1	48.735760	0.000000	51.477978
c	4	1	-10000000.000000	0.000000	-10000000.000000
c	5	1	70.694328	0.000000	44.211338
c	6	1	59.324623	0.000000	45.244129
c	7	1	64.459351	0.000000	54.533508
c	8	1	58.334427	0.000000	53.014591
c	9	1	-10000000.000000	0.000000	-10000000.000000

74.167511 30.282049 2.374319
46.315220 31.219078 1.523022
38.160103 43.101067 0.944090
48.735760 51.477978 1.837559
-10000000.000000 -10000000.000000 0.647582
70.694328 44.211338 2.671317
59.324623 45.244129 2.403490
64.459351 54.533508 3.055548
58.334427 53.014591 2.872717
-10000000.000000 -10000000.000000 0.694420
