tms
c	0	1	93.901024	0.000000	11.249951
c	1	1	45.006565	0.000000	3.833143
c	2	1	22.080641	0.000000	20.894470
c	3	1	55.963749	0.000000	25.031136
c	4	1	35.024071	0.000000	46.434998
c	5	1	94.877617	0.000000	31.731787
c	6	1	80.892387	0.000000	29.451969
c	7	1	88.079201	0.000000	48.829247
c	8	1	85.918922	0.000000	46.161961
c	9	1	39.105659	0.000000	49.009193

93.901024 11.249951 2.374305
45.006565 3.833143 1.523035
22.080641 20.894470 0.944089
55.963749 25.031136 1.837580
35.024071 46.434998 0.654728
94.877617 31.731787 2.668209
80.892387 29.451969 2.469888
88.079201 48.829247 2.966166
85.918922 46.161961 2.891484
39.105659 49.009193 0.694423
