tms
c	0	1	90.570709	0.000000	14.461945
c	1	1	45.227371	0.000000	8.454855
c	2	1	24.794334	0.000000	24.642221
c	3	1	54.743866	0.000000	29.494411
c	4	1	38.458744	0.000000	49.161602
c	5	1	90.768127	0.000000	33.841076
c	6	1	77.268173	0.000000	32.330334
c	7	1	85.393066	0.000000	50.382774
c	8	1	81.881363	0.000000	46.543335
c	9	1	42.661095	0.000000	51.970165

90.570709 14.461945 2.374307
45.227371 8.454855 1.523033
24.794334 24.642221 0.944089
54.743866 29.494411 1.837577
38.458744 49.161602 0.647556
90.768127 33.841076 2.668288
77.268173 32.330334 2.469826
85.393066 50.382774 2.994274
81.881363 46.543335 2.873121
42.661095 51.970165 0.694423
