tms
c	0	1	62.507584	0.000000	41.639004
c	1	1	46.499943	0.000000	47.163666
c	2	1	-10000000.000000	0.000000	-10000000.000000
c	3	1	-10000000.000000	0.000000	-10000000.000000
c	4	1	-10000000.000000	0.000000	-10000000.000000
c	5	1	57.269768	0.000000	50.813854
c	6	1	-10000000.000000	0.000000	-10000000.000000
c	7	1	52.945820	0.000000	54.715866
c	8	1	-10000000.000000	0.000000	-10000000.000000
c	9	1	-10000000.000000	0.000000	-10000000.000000

62.507584 41.639004 2.378207
46.499943 47.163666 1.458565
-10000000.000000 -10000000.000000 0.890704
-10000000.000000 -10000000.000000 1.837559
-10000000.000000 -10000000.000000 0.647582
57.269768 50.813854 2.652813
-10000000.000000 -10000000.000000 2.805355
52.945820 54.715866 2.910734
-10000000.000000 -10000000.000000 2.902167
-10000000.000000 -10000000.000000 0.694420
