tms
c	0	1	80.271027	0.000000	24.395514
c	1	1	45.910244	0.000000	22.748619
c	2	1	33.186958	0.000000	36.232780
c	3	1	50.971138	0.000000	43.298046
c	4	1	-10000000.000000	0.000000	-10000000.000000
c	5	1	78.029953	0.000000	40.358101
c	6	1	65.857704	0.000000	40.687851
c	7	1	71.673309	0.000000	52.909515
c	8	1	66.666138	0.000000	50.671135
c	9	1	-10000000.000000	0.000000	-10000000.000000

80.271027 24.395514 2.374313
45.910244 22.748619 1.523022
33.186958 36.232780 0.944092
50.971138 43.298046 1.837559
-10000000.000000 -10000000.000000 0.647582
78.029953 40.358101 2.668117
65.857704 40.687851 2.446775
71.673309 52.909515 3.014252
66.666138 50.671135 2.870255
-10000000.000000 -10000000.000000 0.694420
