tms
c	0	1	79.126617	0.000000	25.499239
c	1	1	45.986176	0.000000	24.336830
c	2	1	34.119423	0.000000	37.520584
c	3	1	50.552006	0.000000	44.831783
c	4	1	-10000000.000000	0.000000	-10000000.000000
c	5	1	76.613792	0.000000	41.080791
c	6	1	64.543289	0.000000	41.483437
c	7	1	70.225273	0.000000	53.286659
c	8	1	64.986931	0.000000	51.185509
c	9	1	-10000000.000000	0.000000	-10000000.000000

79.126617 25.499239 2.374314
45.986176 24.336830 1.523023
34.119423 37.520584 0.944091
50.552006 44.831783 1.837559
-10000000.000000 -10000000.000000 0.647582
76.613792 41.080791 2.668039
64.543289 41.483437 2.436117
70.225273 53.286659 3.022317
64.986931 51.185509 2.872930
-10000000.000000 -10000000.000000 0.694420
