tms
c	0	1	74.930450	0.000000	29.546232
c	1	1	46.264595	0.000000	30.160271
c	2	1	37.538460	0.000000	42.242531
c	3	1	49.015182	0.000000	50.455486
c	4	1	-10000000.000000	0.000000	-10000000.000000
c	5	1	71.559601	0.000000	43.727047
c	6	1	60.113190	0.000000	44.538509
c	7	1	65.263161	0.000000	54.500507
c	8	1	59.356308	0.000000	52.732990
c	9	1	-10000000.000000	0.000000	-10000000.000000

74.930450 29.546232 2.374318
46.264595 30.160271 1.523023
37.538460 42.242531 0.944090
49.015182 50.455486 1.837559
-10000000.000000 -10000000.000000 0.647582
71.559601 43.727047 2.669822
60.113190 44.538509 2.403997
65.263161 54.500507 3.057697
59.356308 52.732990 2.872715
-10000000.000000 -10000000.000000 0.694420
