tms
c	0	1	68.064323	0.000000	36.166321
c	1	1	46.720192	0.000000	39.689537
c	2	1	43.316895	0.000000	49.212502
c	3	1	-10000000.000000	0.000000	-10000000.000000
c	4	1	-10000000.000000	0.000000	-10000000.000000
c	5	1	63.393070	0.000000	47.639797
c	6	1	53.283150	0.000000	51.660812
c	7	1	58.752998	0.000000	54.585114
c	8	1	-10000000.000000	0.000000	-10000000.000000
c	9	1	-10000000.000000	0.000000	-10000000.000000

68.064323 36.166321 2.374279
46.720192 39.689537 1.523023
43.316895 49.212502 1.017227
-10000000.000000 -10000000.000000 1.837559
-10000000.000000 -10000000.000000 0.647582
63.393070 47.639797 2.657340
53.283150 51.660812 2.495691
58.752998 54.585114 3.016572
-10000000.000000 -10000000.000000 2.902167
-10000000.000000 -10000000.000000 0.694420
