tms
c	0	1	81.033966	0.000000	23.659697
c	1	1	45.859657	0.000000	21.689812
c	2	1	32.565315	0.000000	35.374245
c	3	1	51.250561	0.000000	42.275555
c	4	1	-10000000.000000	0.000000	-10000000.000000
c	5	1	78.977074	0.000000	39.880615
c	6	1	66.760567	0.000000	40.146851
c	7	1	72.578102	0.000000	52.686832
c	8	1	67.750595	0.000000	50.334961
c	9	1	-10000000.000000	0.000000	-10000000.000000

81.033966 23.659697 2.374313
45.859657 21.689812 1.523024
32.565315 35.374245 0.944092
51.250561 42.275555 1.837559
-10000000.000000 -10000000.000000 0.647582
78.977074 39.880615 2.668313
66.760567 40.146851 2.453297
72.578102 52.686832 3.010047
67.750595 50.334961 2.868819
-10000000.000000 -10000000.000000 0.694420
