tms
c	0	1	92.478058	0.000000	12.622355
c	1	1	45.100914	0.000000	5.807884
c	2	1	23.240131	0.000000	22.495787
c	3	1	55.442528	0.000000	26.938183
c	4	1	36.345211	0.000000	47.563053
c	5	1	93.126755	0.000000	32.633152
c	6	1	79.344818	0.000000	30.682320
c	7	1	87.797142	0.000000	49.873234
c	8	1	84.451141	0.000000	45.841301
c	9	1	40.624809	0.000000	50.274342

92.478058 12.622355 2.374306
45.100914 5.807884 1.523035
23.240131 22.495787 0.944089
55.442528 26.938183 1.837579
36.345211 47.563053 0.647554
93.126755 32.633152 2.668288
79.344818 30.682320 2.469888
87.797142 49.873234 2.990577
84.451141 45.841301 2.873299
40.624809 50.274342 0.694423
