tms
c	0	1	68.445793	0.000000	35.798393
c	1	1	46.694881	0.000000	39.160133
c	2	1	42.951168	0.000000	48.864799
c	3	1	-10000000.000000	0.000000	-10000000.000000
c	4	1	-10000000.000000	0.000000	-10000000.000000
c	5	1	63.857136	0.000000	47.406368
c	6	1	53.678989	0.000000	51.171185
c	7	1	59.221687	0.000000	54.583481
c	8	1	-10000000.000000	0.000000	-10000000.000000
c	9	1	-10000000.000000	0.000000	-10000000.000000

68.445793 35.798393 2.374278
46.694881 39.160133 1.523023
42.951168 48.864799 1.001671
-10000000.000000 -10000000.000000 1.837559
-10000000.000000 -10000000.000000 0.647582
63.857136 47.406368 2.657729
53.678989 51.171185 2.475899
59.221687 54.583481 3.022073
-10000000.000000 -10000000.000000 2.902167
-10000000.000000 -10000000.000000 0.694420
