tms
c	0	5626344	-10000000.000000	0.000000	-10000000.000000
c	1	5627496	-10000000.000000	0.000000	-10000000.000000
c	2	5627500	-10000000.000000	0.000000	-10000000.000000
c	3	5627500	-10000000.000000	0.000000	-10000000.000000
c	4	5626416	-10000000.000000	0.000000	-10000000.000000
c	5	5629832	-10000000.000000	0.000000	-10000000.000000
c	6	5629872	-10000000.000000	0.000000	-10000000.000000
c	7	5629884	-10000000.000000	0.000000	-10000000.000000
c	8	5626488	-10000000.000000	0.000000	-10000000.000000
c	9	5632456	-10000000.000000	0.000000	-10000000.000000

-10000000.000000 -10000000.000000 2.329134
-10000000.000000 -10000000.000000 1.488082
-10000000.000000 -10000000.000000 0.905839
-10000000.000000 -10000000.000000 1.837559
-10000000.000000 -10000000.000000 0.657004
-10000000.000000 -10000000.000000 2.332588
-10000000.000000 -10000000.000000 2.893914
-10000000.000000 -10000000.000000 2.909148
-10000000.000000 -10000000.000000 2.904062
-10000000.000000 -10000000.000000 0.694420
