tms
c	0	1	77.600739	0.000000	26.970873
c	1	1	46.087421	0.000000	26.454445
c	2	1	35.362709	0.000000	39.237656
c	3	1	49.993160	0.000000	46.876766
c	4	1	-10000000.000000	0.000000	-10000000.000000
c	5	1	74.743385	0.000000	42.039642
c	6	1	62.908733	0.000000	42.549187
c	7	1	68.296898	0.000000	53.893421
c	8	1	62.934242	0.000000	51.749531
c	9	1	-10000000.000000	0.000000	-10000000.000000

77.600739 26.970873 2.374316
46.087421 26.454445 1.523022
35.362709 39.237656 0.944091
49.993160 46.876766 1.837559
-10000000.000000 -10000000.000000 0.647582
74.743385 42.039642 2.668050
62.908733 42.549187 2.424177
68.296898 53.893421 3.040278
62.934242 51.749531 2.872862
-10000000.000000 -10000000.000000 0.694420
