tms
c	0	1	64.637566	0.000000	39.476337
c	1	1	46.898506	0.000000	44.135792
c	2	1	44.697670	0.000000	52.535244
c	3	1	-10000000.000000	0.000000	-10000000.000000
c	4	1	-10000000.000000	0.000000	-10000000.000000
c	5	1	59.413719	0.000000	49.845417
c	6	1	-10000000.000000	0.000000	-10000000.000000
c	7	1	54.899963	0.000000	54.536446
c	8	1	-10000000.000000	0.000000	-10000000.000000
c	9	1	-10000000.000000	0.000000	-10000000.000000

64.637566 39.476337 2.374430
46.898506 44.135792 1.520872
44.697670 52.535244 0.890707
-10000000.000000 -10000000.000000 1.837559
-10000000.000000 -10000000.000000 0.647582
59.413719 49.845417 2.664885
-10000000.000000 -10000000.000000 2.805355
54.899963 54.536446 2.946944
-10000000.000000 -10000000.000000 2.902167
-10000000.000000 -10000000.000000 0.694420
