tms
c	0	1	65.020424	0.000000	39.107338
c	1	1	46.962788	0.000000	43.628815
c	2	1	44.410904	0.000000	52.077076
c	3	1	-10000000.000000	0.000000	-10000000.000000
c	4	1	-10000000.000000	0.000000	-10000000.000000
c	5	1	59.778893	0.000000	49.675610
c	6	1	-10000000.000000	0.000000	-10000000.000000
c	7	1	55.100559	0.000000	54.544395
c	8	1	-10000000.000000	0.000000	-10000000.000000
c	9	1	-10000000.000000	0.000000	-10000000.000000

65.020424 39.107338 2.374434
46.962788 43.628815 1.528014
44.410904 52.077076 0.905167
-10000000.000000 -10000000.000000 1.837559
-10000000.000000 -10000000.000000 0.647582
59.778893 49.675610 2.666019
-10000000.000000 -10000000.000000 2.805355
55.100559 54.544395 2.952710
-10000000.000000 -10000000.000000 2.902167
-10000000.000000 -10000000.000000 0.694420
