tms
c	0	1	57.913910	0.000000	46.037582
c	1	1	46.341030	0.000000	52.878738
c	2	1	-10000000.000000	0.000000	-10000000.000000
c	3	1	-10000000.000000	0.000000	-10000000.000000
c	4	1	-10000000.000000	0.000000	-10000000.000000
c	5	1	52.318768	0.000000	53.622929
c	6	1	-10000000.000000	0.000000	-10000000.000000
c	7	1	-10000000.000000	0.000000	-10000000.000000
c	8	1	-10000000.000000	0.000000	-10000000.000000
c	9	1	-10000000.000000	0.000000	-10000000.000000

57.913910 46.037582 2.378349
46.341030 52.878738 1.222989
-10000000.000000 -10000000.000000 0.890704
-10000000.000000 -10000000.000000 1.837559
-10000000.000000 -10000000.000000 0.647582
52.318768 53.622929 2.685109
-10000000.000000 -10000000.000000 2.805355
-10000000.000000 -10000000.000000 2.907923
-10000000.000000 -10000000.000000 2.902167
-10000000.000000 -10000000.000000 0.694420
