tms
c	0	1	78.363678	0.000000	26.235056
c	1	1	46.036797	0.000000	25.395638
c	2	1	34.741066	0.000000	38.379120
c	3	1	50.272583	0.000000	45.854275
c	4	1	-10000000.000000	0.000000	-10000000.000000
c	5	1	75.689507	0.000000	41.563122
c	6	1	63.697544	0.000000	41.992290
c	7	1	69.261215	0.000000	53.608551
c	8	1	63.956200	0.000000	51.468082
c	9	1	-10000000.000000	0.000000	-10000000.000000

78.363678 26.235056 2.374315
46.036797 25.395638 1.523023
34.741066 38.379120 0.944091
50.272583 45.854275 1.837559
-10000000.000000 -10000000.000000 0.647582
75.689507 41.563122 2.668283
63.697544 41.992290 2.428898
69.261215 53.608551 3.031798
63.956200 51.468082 2.872861
-10000000.000000 -10000000.000000 0.694420
