tms
c	0	1	90.952179	0.000000	14.094027
c	1	1	45.202080	0.000000	7.925461
c	2	1	24.483494	0.000000	24.212934
c	3	1	54.883598	0.000000	28.983166
c	4	1	38.036037	0.000000	48.841892
c	5	1	91.239853	0.000000	33.599491
c	6	1	77.685272	0.000000	32.001671
c	7	1	85.883743	0.000000	50.280518
c	8	1	82.398102	0.000000	46.398991
c	9	1	42.253838	0.000000	51.631001

90.952179 14.094027 2.374307
45.202080 7.925461 1.523034
24.483494 24.212934 0.944089
54.883598 28.983166 1.837578
38.036037 48.841892 0.647555
91.239853 33.599491 2.668288
77.685272 32.001671 2.469887
85.883743 50.280518 2.993642
82.398102 46.398991 2.873119
42.253838 51.631001 0.694423
