tms
c	0	1	69.208733	0.000000	35.062538
c	1	1	46.644260	0.000000	38.101326
c	2	1	42.294327	0.000000	48.228676
c	3	1	-10000000.000000	0.000000	-10000000.000000
c	4	1	-10000000.000000	0.000000	-10000000.000000
c	5	1	64.718384	0.000000	46.915279
c	6	1	54.327576	0.000000	50.194115
c	7	1	60.027878	0.000000	54.642948
c	8	1	51.417706	0.000000	55.043636
c	9	1	-10000000.000000	0.000000	-10000000.000000

69.208733 35.062538 2.374278
46.644260 38.101326 1.523022
42.294327 48.228676 0.979484
-10000000.000000 -10000000.000000 1.837559
-10000000.000000 -10000000.000000 0.647582
64.718384 46.915279 2.656342
54.327576 50.194115 2.435859
60.027878 54.642948 3.033698
51.417706 55.043636 2.902162
-10000000.000000 -10000000.000000 0.694420
