tms
c	0	1	86.756012	0.000000	18.141069
c	1	1	45.480286	0.000000	13.748796
c	2	1	27.902740	0.000000	28.935091
c	3	1	53.346542	0.000000	34.606869
c	4	1	42.685810	0.000000	52.358700
c	5	1	86.050873	0.000000	36.256924
c	6	1	73.129143	0.000000	35.620968
c	7	1	80.228470	0.000000	51.191860
c	8	1	76.190285	0.000000	47.991028
c	9	1	-10000000.000000	0.000000	-10000000.000000

86.756012 18.141069 2.374309
45.480286 13.748796 1.523030
27.902740 28.935091 0.944089
53.346542 34.606869 1.837573
42.685810 52.358700 0.647564
86.050873 36.256924 2.668288
73.129143 35.620968 2.469815
80.228470 51.191860 2.995726
76.190285 47.991028 2.869347
-10000000.000000 -10000000.000000 0.694420
