tms
c	0	1	77.219269	0.000000	27.338781
c	1	1	46.112732	0.000000	26.983849
c	2	1	35.673531	0.000000	39.666924
c	3	1	49.853451	0.000000	47.388012
c	4	1	-10000000.000000	0.000000	-10000000.000000
c	5	1	74.288033	0.000000	42.285107
c	6	1	62.507069	0.000000	42.833050
c	7	1	67.825211	0.000000	54.020618
c	8	1	62.421951	0.000000	51.888187
c	9	1	-10000000.000000	0.000000	-10000000.000000

77.219269 27.338781 2.374316
46.112732 26.983849 1.523022
35.673531 39.666924 0.944091
49.853451 47.388012 1.837559
-10000000.000000 -10000000.000000 0.647582
74.288033 42.285107 2.668413
62.507069 42.833050 2.421795
67.825211 54.020618 3.044064
62.421951 51.888187 2.872711
-10000000.000000 -10000000.000000 0.694420
