tms
c	0	1	67.301384	0.000000	36.902176
c	1	1	46.770813	0.000000	40.748344
c	2	1	43.920456	0.000000	49.880825
c	3	1	-10000000.000000	0.000000	-10000000.000000
c	4	1	-10000000.000000	0.000000	-10000000.000000
c	5	1	62.454960	0.000000	48.133266
c	6	1	52.444431	0.000000	52.662640
c	7	1	57.713978	0.000000	54.657799
c	8	1	-10000000.000000	0.000000	-10000000.000000
c	9	1	-10000000.000000	0.000000	-10000000.000000

67.301384 36.902176 2.374279
46.770813 40.748344 1.523023
43.920456 49.880825 1.040926
-10000000.000000 -10000000.000000 1.837559
-10000000.000000 -10000000.000000 0.647582
62.454960 48.133266 2.657340
52.444431 52.662640 2.544625
57.713978 54.657799 3.011874
-10000000.000000 -10000000.000000 2.902167
-10000000.000000 -10000000.000000 0.694420
