tms
c	0	1	88.281891	0.000000	16.669436
c	1	1	45.379120	0.000000	11.631220
c	2	1	26.659378	0.000000	27.217943
c	3	1	53.905472	0.000000	32.561886
c	4	1	40.994984	0.000000	51.079861
c	5	1	87.937775	0.000000	35.290585
c	6	1	74.784904	0.000000	34.307499
c	7	1	82.325943	0.000000	50.883785
c	8	1	78.465370	0.000000	47.436867
c	9	1	45.104637	0.000000	54.005154

88.281891 16.669436 2.374309
45.379120 11.631220 1.523031
26.659378 27.217943 0.944089
53.905472 32.561886 1.837575
40.994984 51.079861 0.647560
87.937775 35.290585 2.668288
74.784904 34.307499 2.469886
82.325943 50.883785 2.995728
78.465370 47.436867 2.871773
45.104637 54.005154 0.694421
