tms
c	0	1	89.044830	0.000000	15.933617
c	1	1	45.328537	0.000000	10.572432
c	2	1	26.037697	0.000000	26.359369
c	3	1	54.184937	0.000000	31.539394
c	4	1	40.149570	0.000000	50.440441
c	5	1	88.881226	0.000000	34.807415
c	6	1	75.614677	0.000000	33.647861
c	7	1	83.374680	0.000000	50.729748
c	8	1	79.593567	0.000000	47.087143
c	9	1	44.290123	0.000000	53.326824

89.044830 15.933617 2.374308
45.328537 10.572432 1.523032
26.037697 26.359369 0.944089
54.184937 31.539394 1.837576
40.149570 50.440441 0.647558
88.881226 34.807415 2.668288
75.614677 33.647861 2.469887
83.374680 50.729748 2.995729
79.593567 47.087143 2.870771
44.290123 53.326824 0.694422
