tms
c	0	1	88.663361	0.000000	16.301527
c	1	1	45.353828	0.000000	11.101826
c	2	1	26.348537	0.000000	26.788656
c	3	1	54.045204	0.000000	32.050640
c	4	1	40.572277	0.000000	50.760151
c	5	1	88.409500	0.000000	35.049000
c	6	1	75.199791	0.000000	33.977680
c	7	1	82.850311	0.000000	50.806767
c	8	1	79.029549	0.000000	47.248222
c	9	1	44.697380	0.000000	53.665989

88.663361 16.301527 2.374308
45.353828 11.101826 1.523032
26.348537 26.788656 0.944089
54.045204 32.050640 1.837575
40.572277 50.760151 0.647559
88.409500 35.049000 2.668288
75.199791 33.977680 2.469886
82.850311 50.806767 2.995728
79.029549 47.248222 2.870808
44.697380 53.665989 0.694421
