180.2912 -51.2940
1031.8308 137.2341
1060.8356 -141.3541
352.9283 -56.6042
1025.3486 -137.1273
152.0188 106.7003
141.0688 30.0378
142.3505 -235.2138
1039.1919 2.0524
99.5025 30.8008
1104.9653 -137.7529
50.1724 16.9454
991.6196 -90.8002
249.8367 9.1784
1099.5819 -31.9758
32.1909 -87.8704
377.8680 18.8070
570.3909 -48.2727
1072.8477 13.3748
743.6140 -76.3497
381.1273 -83.3842
1017.8777 -203.1236
431.1533 19.3564
85.4762 -185.7891
547.4288 19.3106
1043.8063 -38.2626
1012.2745 144.4975
1062.2272 93.0738
450.0137 19.7989
566.2526 -29.0613
217.0598 22.3167
227.6070 -64.3712
81.2647 102.7329
1104.0864 -72.7638
207.6479 3.7004
1012.8239 96.4919
118.1066 -220.2750
1000.2625 40.7651
128.2144 75.1595
1085.5922 96.7055
221.4545 -28.3593
1105.8444 1.1216
1085.5922 22.2404
17.7618 127.4224
460.8905 -59.5798
20.5084 182.5541
813.4160 36.3094
1007.9165 -180.0821
970.3421 34.4935
85.5495 -18.2272
1034.3943 44.2900
681.2464 28.1152
121.6224 -123.4550
37.6476 173.1849
1049.6658 -118.3737
445.6190 4.4023
341.4655 -65.2410
1077.2791 -109.8132
776.2444 34.9818
86.6482 37.2707
1089.9868 -110.3473
866.1154 -21.4469
541.4228 -14.7938
832.1665 37.4691
1087.4966 -178.9682
727.8665 18.2425
667.4032 -78.2113
1058.8214 -34.8598
968.6208 -45.9532
128.5806 11.6962
115.3966 -34.8140
1090.9756 143.6430
1073.2505 143.4904
377.9046 -55.7497
471.7673 -80.2560
1024.5430 -38.3389
524.9427 -21.6300
613.1657 29.2138
949.9069 -103.6943
1001.5808 135.8150
994.2564 64.6611
880.8741 -84.1319
722.4830 36.0347
536.4055 -3.9445
773.7175 10.7807
279.0612 -26.0857
335.0566 -84.1777
553.4715 5.9130
136.1248 -64.8137
647.2609 16.6860
283.5658 23.7510
731.3456 -58.8626
1053.7676 102.7482
530.5093 -77.8756
35.0108 -166.1962
30.5429 187.5439
354.9059 -87.9925
122.0985 -9.0258
956.2426 -25.0786
15.4546 11.4979
