24
951.167000	156.982000
1123.940000	156.982000
1123.940000	154.982000
951.167000	154.982000
1121.890000	155.202000
1123.890000	155.202000
1123.890000	-10.211900
1121.890000	-10.211900
950.633000	155.202000
952.633000	155.202000
952.633000	-10.211900
950.633000	-10.211900
1101.660000	-8.999600
1123.070000	-8.999600
1123.070000	-10.999600
1101.660000	-10.999600
990.974000	-8.999600
1090.660000	-8.999600
1090.660000	-10.999600
990.974000	-10.999600
951.370000	-8.999600
980.022000	-8.999600
980.022000	-10.999600
951.370000	-10.999600
6
4	0	1	2	3
4	4	5	6	7
4	8	9	10	11
4	12	13	14	15
4	16	17	18	19
4	20	21	22	23