36
-199.8000	500.00000
400.00000	500.00000
400.00000	499.80000
-199.8000	499.80000
399.80000	499.80000
400.00000	499.80000
400.00000	-175.0000
399.80000	-175.0000
190.00000	-174.8000
399.80000	-174.8000
399.80000	-175.0000
190.00000	-175.0000
-160.0000	-174.8000
160.00000	-174.8000
160.00000	-175.0000
-160.0000	-175.0000 
-200.0000	500.00000
-199.8000	500.00000
-199.8000	-175.0000
-200.0000	-175.0000
-100.0000	50.000000
100.00000	50.000000
100.00000	49.800000
-100.0000	49.800000
99.800000	49.800000
100.00000	49.800000
100.00000	-150.0000
99.800000	-150.0000
-99.80000	-149.8000
99.800000	-149.8000
99.800000	-150.0000
-99.80000	-150.0000
-100.0000	49.800000
-99.80000	49.800000
-99.80000	-150.0000
-100.0000	-150.0000
9
4	0	1	2	3
4	4	5	6	7
4	8	9	10	11
4	12	13	14	15
4	16	17	18	19
4	20	21	22	23
4	24	25	26	27
4	28	29	30	31	
4	32	33	34	35




















