236
0.000000	0.500000	
90.000000	0.500000	
90.000000	-0.500000	
0.000000	-0.500000
-0.500000	50.000000	
0.500000	50.000000	
0.500000	0.000000	
-0.500000	0.000000
0.000000	50.500000	
90.000000	50.500000	
90.000000	49.500000	
0.000000	49.500000
89.500000	50.000000	
90.500000	50.000000	
90.500000	25.829600	
89.500000	25.829600
89.500000	15.992000	
90.500000	15.992000	
90.500000	-0.126660	
89.500000	-0.126660
89.133000	60.407600	
90.133000	60.407600	
90.133000	50.101500	
89.133000	50.101500
89.500000	100.000000	
90.500000	100.000000	
90.500000	70.823300	
89.500000	70.823300
-0.500000	100.138000	
0.500000	100.138000	
0.500000	50.137900	
-0.500000	50.137900
0.000000	100.500000	
90.000000	100.500000	
90.000000	99.500000	
0.000000	99.500000
-0.500000	149.973000	
0.500000	149.973000	
0.500000	100.000000	
-0.500000	100.000000
0.000000	150.500000	
90.000000	150.500000	
90.000000	149.500000	
0.000000	149.500000
89.133000	150.236000	
90.133000	150.236000	
90.133000	137.296000	
89.133000	137.296000
89.500000	128.868000	
90.500000	128.868000	
90.500000	100.000000	
89.500000	100.000000
0.142739	195.553000	
90.002400	195.553000	
90.002400	194.553000	
0.142739	194.553000
-0.500000	195.116000	
0.500000	195.116000	
0.500000	150.087000	
-0.500000	150.087000
-0.500000	299.721000	
0.500000	299.721000	
0.500000	195.091000	
-0.500000	195.091000
89.133000	233.745000	
90.133000	233.745000	
90.133000	194.978000	
89.133000	194.978000
89.133000	299.760000	
90.133000	299.760000	
90.133000	247.031000	
89.133000	247.031000
0.000000	300.500000	
90.000000	300.500000	
90.000000	299.500000	
0.000000	299.500000
90.334600	0.500000	
100.886000	0.500000	
100.886000	-0.500000	
90.334600	-0.500000
110.803000	0.500000	
120.424000	0.500000	
120.424000	-0.500000	
110.803000	-0.500000
120.314000	0.500000	
199.874000	0.500000	
199.874000	-0.500000	
120.314000	-0.500000
119.500000	15.992000	
120.500000	15.992000	
120.500000	-0.126660	
119.500000	-0.126660
119.500000	50.000000	
120.500000	50.000000	
120.500000	25.829600	
119.500000	25.829600
119.788000	50.500000	
136.353000	50.500000	
136.353000	49.500000	
119.788000	49.500000
147.801000	50.500000	
200.607000	50.500000	
200.607000	49.500000	
147.801000	49.500000
199.500000	50.000000	
200.500000	50.000000	
200.500000	0.000000	
199.500000	0.000000
200.328000	50.500000	
228.543000	50.500000	
228.543000	49.500000	
200.328000	49.500000
200.172000	0.500000	
259.909000	0.500000	
259.909000	-0.500000	
200.172000	-0.500000
260.112000	0.500000	
299.947000	0.500000	
299.947000	-0.500000	
260.112000	-0.500000
259.500000	50.000000	
260.500000	50.000000	
260.500000	0.000000	
259.500000	0.000000
259.846000	50.500000	
273.444000	50.500000	
273.444000	49.500000	
259.846000	49.500000
283.770000	50.500000	
299.721000	50.500000	
299.721000	49.500000	
283.770000	49.500000
239.024000	50.500000	
259.633000	50.500000	
259.633000	49.500000	
239.024000	49.500000
299.500000	50.000000	
300.500000	50.000000	
300.500000	0.000000	
299.500000	0.000000
120.340000	100.500000	
153.905000	100.500000	
153.905000	99.500000	
120.340000	99.500000
119.500000	128.868000	
120.500000	128.868000	
120.500000	100.000000	
119.500000	100.000000
119.500000	194.822000	
120.500000	194.822000	
120.500000	137.296000	
119.500000	137.296000
119.500000	233.745000	
120.500000	233.745000	
120.500000	194.978000	
119.500000	194.978000
121.242000	195.553000	
190.130000	195.553000	
190.130000	194.553000	
121.242000	194.553000
119.500000	299.760000	
120.500000	299.760000	
120.500000	247.031000	
119.500000	247.031000
90.334600	300.500000	
100.886000	300.500000	
100.886000	299.500000	
90.334600	299.500000
110.803000	300.500000	
120.424000	300.500000	
120.424000	299.500000	
110.803000	299.500000
120.392000	300.500000	
190.130000	300.500000	
190.130000	299.500000	
120.392000	299.500000
189.500000	299.721000	
190.500000	299.721000	
190.500000	195.091000	
189.500000	195.091000
189.500000	194.931000	
190.500000	194.931000	
190.500000	100.000000	
189.500000	100.000000
163.805000	100.500000	
190.302000	100.500000	
190.302000	99.500000	
163.805000	99.500000
229.500000	179.551000	
230.500000	179.551000	
230.500000	100.000000	
229.500000	100.000000
230.044000	100.500000	
299.881000	100.500000	
299.881000	99.500000	
230.044000	99.500000
299.500000	100.138000	
300.500000	100.138000	
300.500000	50.137900	
299.500000	50.137900
299.500000	216.383000	
300.500000	216.383000	
300.500000	100.000000	
299.500000	100.000000
229.500000	216.444000	
230.500000	216.444000	
230.500000	189.364000	
229.500000	189.364000
229.500000	278.926000	
230.500000	278.926000	
230.500000	216.363000	
229.500000	216.363000
230.402000	217.140000	
300.087000	217.140000	
300.087000	216.140000	
230.402000	216.140000
299.500000	300.061000	
300.500000	300.061000	
300.500000	216.564000	
299.500000	216.564000
230.402000	300.500000	
300.087000	300.500000	
300.087000	299.500000	
230.402000	299.500000
229.500000	300.017000	
230.500000	300.017000	
230.500000	288.730000	
229.500000	288.730000
189.988000	300.500000	
230.259000	300.500000	
230.259000	299.500000	
189.988000	299.500000
136.000000	49.5000000
147.000000	49.5000000
147.000000	50.0000000
136.000000	50.0000000
59
4	0	1	2	3
4	4	5	6	7
4	8	9	10	11
4	12	13	14	15
4	16	17	18	19
4	20	21	22	23
4	24	25	26	27
4	28	29	30	31
4	32	33	34	35
4	36	37	38	39
4	40	41	42	43
4	44	45	46	47
4	48	49	50	51
4	52	53	54	55
4	56	57	58	59
4	60	61	62	63
4	64	65	66	67
4	68	69	70	71
4	72	73	74	75
4	76	77	78	79
4	80	81	82	83
4	84	85	86	87
4	88	89	90	91
4	92	93	94	95
4	96	97	98	99
4	100	101	102	103
4	104	105	106	107
4	108	109	110	111
4	112	113	114	115
4	116	117	118	119
4	120	121	122	123
4	124	125	126	127
4	128	129	130	131
4	132	133	134	135
4	136	137	138	139
4	140	141	142	143
4	144	145	146	147
4	148	149	150	151
4	152	153	154	155
4	156	157	158	159
4	160	161	162	163
4	164	165	166	167
4	168	169	170	171
4	172	173	174	175
4	176	177	178	179
4	180	181	182	183
4	184	185	186	187
4	188	189	190	191
4	192	193	194	195
4	196	197	198	199
4	200	201	202	203
4	204	205	206	207
4	208	209	210	211
4	212	213	214	215
4	216	217	218	219
4	220	221	222	223
4	224	225	226	227
4	228	229	230	231
4	232	233	234	235