75	
275	425
225	375
175	325
125	275
75	225
25	175
-25	125
-78.1	90
-125	25
-175	-25
-175	-75
-175	-125
-175	-175
75	275
25	225
-25	175
-75	125
-125	75
-175	25
-175	-25
-175	-75
-175	-125
-175	-175
225	425
175	375
125	325
75	275
25	225
-25	175
-75	125
-125	75
-175	25
-175	-25
-175	-75
-175	-125
-175	-175
275	375
225	325
175	275
225	225
175	175
175	125
175	75
175	25
175	-25
175	-75
175	-125
175	-175
125	375
175	325	
225	275
175	225
175	175
175	125
175	75
175	25
175	-25
175	-75
175	-125
175	-175
275	475
225	425
225	375
275	375
225	325
175	275
225	225
175	175
175	125
175	75
175	25
175	-25
175	-75
175	-125
175	-175
69	
0 1	
1 2	
2 3	
3 4	
4 5	
5 6	
6 7	
7 8	
8 9	
9 10 	
10 11	
11 12
13 14
14 15
15 16
16 17
17 18
18 19 
19 20
20 21
21 22
23 24	
24 25
25 26
26 27
27 28
28 29
29 30
30 31
31 32
32 33
33 34
34 35
36 37
37 38 
38 39
39 40
40 41 
41 42 
42 43
43 44
44 45
45 46
46 47
48 49
49 50
50 51
51 52
52 53
53 54
54 55
55 56
56 57
57 58
58 59
60 61
61 62
62 63
63 64
64 65
65 66
66 67
67 68
68 69
69 70 
70 71
71 72
72 73
73 74

















