68
-40	-310
-40	-290
-40	-270
-40	-250
-40	-230
-40	-210
-20	-190
0	-170
20	-150
40	-130
60	-110
80	-90
80	-70
80	-50
80	-30
80	-10
100	10
120	30
-40	-310
-40	-290
-40	-270
-40	-250
-40	-230
-40	-210
-40	-190
-20	-170
-20	-150
-20	-130
0	-110
-20	-90
-20	-70
-40	-50
-20	-30
0	-10
20	10
40	30
120	-310
120	-290
120	-270
120	-250
120	-230
140	-210
140	-190
140	-170
140	-150
140	-130
120	-110
100	-90
80	-70
80	-50
80	-30
60	-10
40	10
20	30
120	-310
120	-290
120	-270
120	-250
120	-230
100	-210
80	-190
60	-170
40	-150
20	-130
0	-110
-20	-90
-40	-70
-60	-50
64
0 1
1 2
2 3
3 4
4 5
5 6
6 7
7 8
8 9
9 10 
10 11
11 12
12 13
13 14 
14 15
15 16
16 17
18 19 
19 20
20 21 
21 22
22 23
23 24
24 25
25 26
26 27
27 28
28 29
29 30 
30 31                             
31 32
32 33
33 34
34 35
36 37 
37 38 
38 39 
39 40 
40 41
41 42
42 43
43 44
44 45
45 46
46 47
47 48
48 49
49 50 
50 51
51 52 
52 53
54 55
55 56
56 57
57 58
58 59
59 60
60 61
61 62
62 63
63 64
64 65
65 66
66 67




















