157
140.2997 204.2070
28.3090 66.6753
1104.2329 -52.7131
433.9732 23.4916
1115.4393 -35.6380
40.7971 23.4611
1000.9583 55.0935
654.5854 -53.0183
60.9760 -11.6352
118.6926 -8.3850
717.1362 -71.3599
967.5588 -92.6924
958.9892 -47.2503
683.6635 8.5070
1095.7732 85.7494
554.7899 30.7092
278.9514 -74.2286
1103.0244 -135.5708
1009.6744 -81.4310
782.9096 33.2423
115.7994 10.6433
944.3403 -198.4085
51.3443 -213.5762
241.8531 29.8547
454.2253 -80.3476
920.1331 -26.8334
986.2361 -110.0421
621.3691 26.3604
1061.3483 -98.6587
773.7541 -27.7490
621.0395 -65.1494
369.7379 -51.9349
151.8723 147.9766
943.9741 -144.1771
1087.0571 63.1199
20.7648 -227.5689
1051.0574 18.1662
1018.2440 17.2354
718.4912 35.2107
83.4254 -196.6689
148.3932 -214.7206
963.2374 70.3375
250.8988 -26.1925
993.5606 -191.2671
588.9218 -38.5067
30.9458 114.3452
1088.8882 6.3097
50.2091 -81.0800
1058.2721 -82.5602
380.2118 21.2332
47.9019 -227.9046
1020.0751 43.6339
992.2788 -66.8889
15.8208 137.7224
329.4168 18.2272
994.0001 64.8442
1030.4392 4.0208
425.6233 3.2273
328.6111 -75.2205
573.1010 -66.9195
976.8609 -127.4224
751.0849 8.1713
401.0132 -24.1325
1102.2919 141.7661
614.7038 6.2639
966.0939 -194.7157
1065.5233 43.5270
669.3442 -21.7979
1012.0914 7.1947
451.2955 19.0970
1024.1401 -144.5585
228.0099 7.8661
1050.8010 116.0848
1118.5155 -174.9092
975.5425 60.2054
181.8293 31.2281
253.2426 26.8334
1056.1113 -63.3641
533.1096 18.6087
181.2799 -74.5643
16.1138 -25.0481
1080.6116 -103.8163
19.5929 -34.9208
1064.2048 10.2619
641.3282 -68.9489
84.9269 -220.7785
313.5594 16.0451
915.3356 -69.9255
84.8537 -77.7535
1107.5289 -26.3451
231.9285 32.0063
178.8629 6.2792
1109.5431 114.6504
409.0335 38.5830
42.8846 -165.9978
275.6554 -21.7826
1045.4908 -27.8100
147.8439 -8.2629
583.4285 21.7673
80.0000 250.0000
70.0000 240.0000
100.0000 240.0000
100.0000 207.0000
70.0000 190.0000
100.0000 165.0000
70.0000 130.0000
100.0000 120.0000
70.0000 80.0000
100.0000 75.0000
70.0000 30.0000
70.0000 -70.0000
70.0000 -120.0000
100.0000 -120.0000
70.0000 -170.0000
100.0000 -170.0000
70.0000 -220.0000
100.0000 -220.0000
3.0000 -15.0000
80.0000 -250.0000
182.0000 -40.0000
182.0000 -10.0000
214.0000 -40.0000
212.0000 -10.0000
281.0000 -40.0000
281.0000 -10.0000
311.0000 -40.0000
311.0000 -10.0000
381.0000 -40.0000
381.0000 -10.0000
411.0000 -40.0000
411.0000 -10.0000
481.0000 -40.0000
481.0000 -10.0000
550.0000 50.0000
550.0000 -100.0000
619.0000 -40.0000
619.0000 -10.0000
688.0000 -40.0000
688.0000 -10.0000
719.0000 -40.0000
719.0000 -10.0000
788.0000 -40.0000
788.0000 -10.0000
806.0000 -40.0000
832.0000 -40.0000
831.0000 -10.0000
881.0000 -10.0000
889.0000 -40.0000
919.0000 -40.0000
919.0000 -10.0000
983.0000 -10.0000
1092.0000 -10.0000
950.0000 -159.0000
1018.0000 -159.0000
1050.0000 -159.0000
1119.0000 -159.0000
1130.0000 -60.0000
989
0 102
1 107
2 4
2 11
2 12
2 17
2 18
2 25
2 26
2 28
2 33
2 34
2 43
2 46
2 48
2 52
2 60
2 66
2 70
2 72
2 73
2 77
2 81
2 89
2 96
2 149
2 150
2 151
2 153
2 154
2 155
2 156
3 57
3 59
3 62
3 69
3 93
3 130
3 132
4 11
4 12
4 17
4 18
4 25
4 26
4 28
4 29
4 33
4 36
4 43
4 46
4 48
4 51
4 52
4 55
4 60
4 66
4 67
4 70
4 73
4 77
4 81
4 83
4 89
4 96
4 150
4 151
4 153
4 154
4 155
4 156
5 109
6 11
6 12
6 14
6 33
6 34
6 36
6 37
6 41
6 46
6 51
6 55
6 56
6 63
6 66
6 68
6 72
6 74
6 83
6 89
6 92
6 150
6 151
6 152
7 30
7 84
7 135
7 137
8 9
8 20
8 42
8 62
8 80
8 82
8 88
8 95
8 97
8 112
8 117
9 20
9 42
9 44
9 80
9 82
9 88
9 95
9 97
9 105
9 107
9 109
9 110
9 111
9 113
9 115
9 117
9 119
9 121
10 38
10 139
10 140
10 141
11 12
11 17
11 18
11 26
11 28
11 33
11 48
11 52
11 55
11 60
11 70
11 77
11 81
11 89
11 96
11 149
11 150
11 151
11 152
11 153
11 154
11 156
12 17
12 18
12 21
12 25
12 26
12 28
12 33
12 48
12 51
12 52
12 60
12 63
12 70
12 72
12 77
12 81
12 89
12 96
12 146
12 149
12 150
12 151
12 152
12 153
12 154
12 155
12 156
13 27
13 64
13 136
13 137
13 138
14 17
14 34
14 36
14 37
14 41
14 46
14 51
14 55
14 56
14 63
14 66
14 68
14 72
14 74
14 81
14 83
14 92
14 150
14 151
15 44
15 59
15 78
15 84
15 98
15 131
15 133
15 134
15 135
16 20
16 121
16 123
16 124
17 18
17 25
17 26
17 28
17 33
17 34
17 46
17 48
17 52
17 60
17 70
17 77
17 81
17 89
17 96
17 146
17 149
17 150
17 151
17 155
17 156
18 25
18 26
18 28
18 33
18 41
18 48
18 52
18 60
18 70
18 77
18 81
18 89
18 96
18 146
18 149
18 150
18 151
18 152
18 153
18 154
18 155
18 156
19 38
19 61
19 140
19 141
19 142
20 39
20 80
20 82
20 88
20 97
20 107
20 109
20 110
20 111
20 113
20 119
20 121
21 33
21 43
21 55
21 65
21 150
21 152
21 153
22 35
22 50
22 85
22 115
22 116
23 71
23 76
23 90
23 122
23 124
23 125
24 62
24 128
24 129
24 131
24 133
25 28
25 29
25 44
25 48
25 52
25 56
25 67
25 77
25 81
25 83
25 87
25 89
25 96
25 145
25 146
25 147
25 148
25 149
25 150
25 154
25 155
25 156
26 28
26 33
26 41
26 48
26 52
26 55
26 60
26 70
26 74
26 77
26 81
26 89
26 96
26 149
26 150
26 151
26 152
26 153
26 154
26 156
27 30
27 64
27 135
27 136
27 138
28 33
28 43
28 46
28 48
28 52
28 60
28 70
28 77
28 81
28 89
28 96
28 146
28 149
28 150
28 151
28 153
28 154
28 155
28 156
29 44
29 62
29 67
29 89
29 95
29 96
29 140
29 141
29 142
29 143
29 144
29 145
30 64
30 84
30 135
30 136
30 137
31 57
31 58
31 62
31 125
31 127
31 130
32 104
33 48
33 52
33 55
33 60
33 65
33 70
33 77
33 81
33 89
33 96
33 150
33 151
33 152
33 156
34 36
34 37
34 41
34 46
34 51
34 55
34 56
34 63
34 66
34 68
34 72
34 73
34 74
34 81
34 83
34 92
34 150
34 151
34 155
35 40
35 50
35 85
35 115
35 116
36 37
36 41
36 46
36 51
36 55
36 56
36 63
36 66
36 68
36 72
36 74
36 83
36 89
36 92
36 148
36 150
36 151
37 41
37 46
37 51
37 55
37 56
37 63
37 66
37 68
37 72
37 74
37 83
37 92
37 150
37 151
38 61
38 139
38 140
38 142
38 144
39 85
39 88
39 99
39 111
39 112
39 113
39 114
39 115
39 116
39 118
40 50
40 85
40 115
40 116
41 46
41 51
41 52
41 55
41 56
41 63
41 66
41 68
41 70
41 72
41 74
41 83
41 92
41 150
41 151
41 153
42 44
42 62
42 67
42 80
42 82
42 95
42 97
42 117
42 119
42 120
42 121
42 122
42 123
42 124
43 65
43 70
43 89
43 152
43 153
44 59
44 62
44 67
44 78
44 95
44 96
44 98
44 130
44 132
44 133
44 134
44 136
44 138
44 140
45 53
45 105
46 48
46 51
46 55
46 56
46 63
46 66
46 68
46 72
46 73
46 74
46 81
46 83
46 89
46 92
46 150
46 151
46 154
46 155
46 156
47 97
47 110
47 120
47 122
48 52
48 60
48 70
48 77
48 81
48 89
48 96
48 146
48 149
48 150
48 151
48 153
48 154
48 155
48 156
49 54
49 86
49 126
49 127
49 128
50 85
50 115
50 116
51 55
51 56
51 63
51 66
51 68
51 72
51 74
51 83
51 89
51 92
51 150
51 151
52 60
52 70
52 74
52 77
52 81
52 89
52 96
52 146
52 149
52 150
52 151
52 152
52 153
52 154
52 155
52 156
53 105
53 106
54 86
54 126
54 128
55 56
55 60
55 63
55 66
55 68
55 72
55 74
55 83
55 89
55 92
55 150
55 151
55 152
56 63
56 66
56 68
56 72
56 74
56 83
56 92
56 147
56 150
56 151
57 62
57 69
57 93
57 127
57 130
58 125
58 127
59 78
59 93
59 98
59 132
59 133
59 134
59 136
60 70
60 74
60 77
60 81
60 89
60 96
60 149
60 150
60 151
60 152
60 153
60 156
61 140
61 142
62 67
62 80
62 82
62 95
62 117
62 125
62 126
62 127
62 128
62 129
62 130
63 66
63 68
63 72
63 74
63 81
63 83
63 92
63 150
63 151
64 135
64 136
64 138
65 152
65 153
66 68
66 72
66 74
66 83
66 89
66 92
66 150
66 151
66 156
67 89
67 95
67 96
67 135
67 137
67 138
67 139
67 140
68 72
68 74
68 83
68 92
68 148
68 150
68 151
69 93
69 130
69 132
70 77
70 81
70 89
70 96
70 149
70 150
70 151
70 153
70 154
70 156
71 76
71 90
71 119
71 122
72 74
72 83
72 89
72 92
72 150
72 151
73 89
73 151
73 154
73 155
73 156
74 83
74 92
74 150
74 151
74 153
75 79
75 91
75 119
75 120
76 90
76 119
76 122
76 124
76 125
77 81
77 89
77 96
77 145
77 146
77 149
77 150
77 151
77 152
77 153
77 154
77 155
77 156
78 98
78 131
78 133
78 134
78 135
79 91
79 119
79 120
80 82
80 95
80 97
80 117
81 89
81 92
81 96
81 146
81 149
81 150
81 151
81 153
81 154
81 155
81 156
82 95
82 97
82 117
83 89
83 92
83 150
83 151
84 133
84 135
84 137
85 88
85 99
85 113
85 114
85 115
85 116
85 118
86 125
86 126
86 128
87 148
87 149
88 97
88 99
88 110
88 111
88 112
88 118
88 120
88 122
89 96
89 150
89 151
89 152
89 153
89 154
89 155
89 156
90 122
90 124
91 119
91 120
92 150
92 151
93 129
93 130
93 132
94 113
94 114
95 117
95 119
95 121
95 122
95 123
95 124
95 125
96 150
96 151
96 152
96 153
96 154
96 155
96 156
97 107
97 109
97 110
97 111
97 117
97 119
97 121
98 131
98 133
98 134
99 100
99 101
99 102
99 104
100 101
100 102
100 104
100 106
101 103
101 105
102 103
102 105
102 107
103 104
103 106
103 108
104 105
104 107
104 109
105 106
105 108
106 107
106 109
107 108
107 119
108 109
108 110
109 112
109 119
109 121
110 112
110 114
110 120
110 122
111 112
111 114
111 116
111 120
112 113
112 115
113 114
113 116
114 115
114 118
115 116
115 118
116 118
119 120
119 122
120 121
121 122
121 124
122 123
123 124
123 126
124 125
125 126
125 128
126 127
127 128
127 130
128 129
129 130
129 132
130 131
131 132
131 133
131 136
132 134
132 135
133 134
133 135
134 136
135 136
135 138
135 140
136 137
136 139
137 138
137 140
137 142
138 139
138 141
138 143
139 140
139 142
139 145
140 141
140 143
141 142
141 145
141 146
142 143
142 144
142 147
143 145
143 146
143 149
144 145
144 146
144 149
145 147
145 148
146 147
146 148
146 156
147 149
147 150
148 149
148 150
149 153
149 154
149 155
149 156
150 152
150 153
150 154
150 155
150 156
151 152
151 153
151 154
151 155
151 156
152 153
153 156
154 155
154 156
155 156
