32
-200.0000	200.00000
-20.0000		200.00000
-20.0000		195.00000
-200.0000	195.00000
-200.00000	195.00000
-195.00000	195.00000
-195.0000	-195.0000
-200.00000	-195.00000
-200.00000	-195.00000
-200.00000	-200.0000
-30.00000	-200.0000
-30.0000		-195.0000	
20.00000		200.0000	
200.00000	200.0000
200.0000		195.0000
20.0000		195.00000
195.0000		195.00000
200.0000		195.0000
200.0000		20.0000
195.0000		20.0000
195.00000	-20.0000	
200.00000	-20.0000
200.0000		-195.0000
195.0000		-195.00000
20.0000		-195.00000
20.0000		-200.0000
200.0000		-200.0000
200.0000		-195.0000
20.0000		20.0000
20.0000		-20.0000
-20.0000		-20.0000
-20.0000		20.0000
8
4	0	1	2	3
4	4	5	6	7
4	8	9	10	11
4	12	13	14	15
4	16	17	18	19
4	20	21	22	23
4	24	25	26	27
4	28	29	30	31