70
-140	-30
-120	-40
-100	-60
-80	-80
-50	-100
-30	-120
-20	-150
-10	-140
-10	-180
-10	-196
15	-38
15 	-50
15	-70
10	-90
10	-110
10	-130
10	-150
10	-170
10	-190
10	-196
52	-16
57	-16
70	-16
90	-15
100	-15
120	-15
140	-10
160	-10
180	-10
195	-10
130	95
135	88
140	75
150	65
155	55
160	45
170	30
180	10
190	10
195	10
-12 	30
0	35
10	35
30	35
50	20
80	10
120	10
140	10
160	0
185	0
40	125
35	135
32	140
27	150
20	160
10	180
10	185
10	190
10	195
10	200
-140	100
-100	90
-50	80
-20	70
0	140
0	150
0	170
0	175
0	180
0	190
63
0 1
1 2
2 3
3 4
4 5
5 6
6 7
7 8
8 9
10 11
11 12
12 13
13 14 
14 15
15 16
16 17
18 19 
20 21 
21 22
22 23
23 24
24 25
25 26
26 27
27 28
28 29
30 31                             
31 32
32 33
33 34
34 35
35 36
37 38 
38 39 
40 41
41 42
42 43
43 44
44 45
45 46
46 47
47 48
48 49
50 51
51 52 
52 53
54 55
55 56
56 57
58 59
60 61
61 62
62 63
63 64
64 65
65 66
66 67
67 68
68 69